tmc,tstamp,speed,cvalue
129-04326,2021-03-30 00:00:00,60.22,100.00
129-04326,2021-03-30 00:10:00,55.31,100.00
129-04326,2021-03-30 00:20:00,57.42,100.00
129-04326,2021-03-30 00:30:00,60.80,100.00
129-04326,2021-03-30 00:40:00,58.16,100.00
129-04326,2021-03-30 00:50:00,52.60,100.00
129-04326,2021-03-30 01:00:00,58.57,100.00
129-04326,2021-03-30 01:10:00,62.87,100.00
129-04326,2021-03-30 01:20:00,60.34,100.00
129-04326,2021-03-30 01:30:00,54.09,100.00
129-04326,2021-03-30 01:40:00,56.08,100.00
129-04326,2021-03-30 01:50:00,57.80,100.00
129-04326,2021-03-30 02:00:00,57.30,97.00
129-04326,2021-03-30 02:10:00,62.39,95.00
129-04326,2021-03-30 02:20:00,63.56,94.00
129-04326,2021-03-30 02:30:00,56.80,100.00
129-04326,2021-03-30 02:40:00,62.20,100.00
129-04326,2021-03-30 02:50:00,62.00,100.00
129-04326,2021-03-30 03:00:00,62.70,98.00
129-04326,2021-03-30 03:10:00,61.46,90.00
129-04326,2021-03-30 03:20:00,57.46,92.00
129-04326,2021-03-30 03:30:00,56.59,100.00
129-04326,2021-03-30 03:40:00,59.15,100.00
129-04326,2021-03-30 03:50:00,59.10,100.00
129-04326,2021-03-30 04:00:00,65.26,97.00
129-04326,2021-03-30 04:10:00,66.87,100.00
129-04326,2021-03-30 04:20:00,63.00,100.00
129-04326,2021-03-30 04:30:00,58.24,100.00
129-04326,2021-03-30 04:40:00,58.69,100.00
129-04326,2021-03-30 04:50:00,57.90,100.00
129-04326,2021-03-30 05:00:00,59.97,100.00
129-04326,2021-03-30 05:10:00,58.87,100.00
129-04326,2021-03-30 05:20:00,63.32,100.00
129-04326,2021-03-30 05:30:00,62.13,100.00
129-04326,2021-03-30 05:40:00,67.28,100.00
129-04326,2021-03-30 05:50:00,65.13,100.00
129-04326,2021-03-30 06:00:00,65.48,100.00
129-04326,2021-03-30 06:10:00,66.58,100.00
129-04326,2021-03-30 06:20:00,66.57,100.00
129-04326,2021-03-30 06:30:00,65.92,100.00
129-04326,2021-03-30 06:40:00,68.34,100.00
129-04326,2021-03-30 06:50:00,63.03,100.00
129-04326,2021-03-30 07:00:00,64.56,100.00
129-04326,2021-03-30 07:10:00,66.64,100.00
129-04326,2021-03-30 07:20:00,61.87,100.00
129-04326,2021-03-30 07:30:00,62.86,100.00
129-04326,2021-03-30 07:40:00,62.27,100.00
129-04326,2021-03-30 07:50:00,63.07,100.00
129-04326,2021-03-30 08:00:00,62.87,100.00
129-04326,2021-03-30 08:10:00,60.35,100.00
129-04326,2021-03-30 08:20:00,62.85,100.00
129-04326,2021-03-30 08:30:00,61.97,100.00
129-04326,2021-03-30 08:40:00,65.05,100.00
129-04326,2021-03-30 08:50:00,64.26,100.00
129-04326,2021-03-30 09:00:00,63.12,100.00
129-04326,2021-03-30 09:10:00,63.56,100.00
129-04326,2021-03-30 09:20:00,61.79,100.00
129-04326,2021-03-30 09:30:00,63.91,100.00
129-04326,2021-03-30 09:40:00,64.64,100.00
129-04326,2021-03-30 09:50:00,64.78,100.00
129-04326,2021-03-30 10:00:00,65.23,100.00
129-04326,2021-03-30 10:10:00,58.08,100.00
129-04326,2021-03-30 10:20:00,66.01,100.00
129-04326,2021-03-30 10:30:00,64.37,100.00
129-04326,2021-03-30 10:40:00,61.58,100.00
129-04326,2021-03-30 10:50:00,61.40,100.00
129-04326,2021-03-30 11:00:00,62.16,100.00
129-04326,2021-03-30 11:10:00,60.27,100.00
129-04326,2021-03-30 11:20:00,61.90,100.00
129-04326,2021-03-30 11:30:00,59.26,100.00
129-04326,2021-03-30 11:40:00,62.98,100.00
129-04326,2021-03-30 11:50:00,63.60,100.00
129-04326,2021-03-30 12:00:00,63.50,100.00
129-04326,2021-03-30 12:10:00,58.74,100.00
129-04326,2021-03-30 12:20:00,64.05,100.00
129-04326,2021-03-30 12:30:00,64.37,100.00
129-04326,2021-03-30 12:40:00,60.76,100.00
129-04326,2021-03-30 12:50:00,64.15,100.00
129-04326,2021-03-30 13:00:00,63.12,100.00
129-04326,2021-03-30 13:10:00,61.13,100.00
129-04326,2021-03-30 13:20:00,63.17,100.00
129-04326,2021-03-30 13:30:00,64.98,100.00
129-04326,2021-03-30 13:40:00,63.82,100.00
129-04326,2021-03-30 13:50:00,62.51,100.00
129-04326,2021-03-30 14:00:00,63.38,100.00
129-04326,2021-03-30 14:10:00,65.62,100.00
129-04326,2021-03-30 14:20:00,65.04,100.00
129-04326,2021-03-30 14:30:00,62.76,100.00
129-04326,2021-03-30 14:40:00,62.76,100.00
129-04326,2021-03-30 14:50:00,62.92,100.00
129-04326,2021-03-30 15:00:00,63.26,100.00
129-04326,2021-03-30 15:10:00,62.36,100.00
129-04326,2021-03-30 15:20:00,62.66,100.00
129-04326,2021-03-30 15:30:00,61.83,100.00
129-04326,2021-03-30 15:40:00,58.57,100.00
129-04326,2021-03-30 15:50:00,60.98,100.00
129-04326,2021-03-30 16:00:00,60.66,100.00
129-04326,2021-03-30 16:10:00,60.49,100.00
129-04326,2021-03-30 16:20:00,60.83,100.00
129-04326,2021-03-30 16:30:00,60.63,100.00
129-04326,2021-03-30 16:40:00,62.92,100.00
129-04326,2021-03-30 16:50:00,62.55,100.00
129-04326,2021-03-30 17:00:00,62.39,100.00
129-04326,2021-03-30 17:10:00,63.29,100.00
129-04326,2021-03-30 17:20:00,61.99,100.00
129-04326,2021-03-30 17:30:00,59.91,100.00
129-04326,2021-03-30 17:40:00,59.28,100.00
129-04326,2021-03-30 17:50:00,63.07,100.00
129-04326,2021-03-30 18:00:00,65.37,100.00
129-04326,2021-03-30 18:10:00,64.99,100.00
129-04326,2021-03-30 18:20:00,62.05,100.00
129-04326,2021-03-30 18:30:00,60.67,100.00
129-04326,2021-03-30 18:40:00,64.07,100.00
129-04326,2021-03-30 18:50:00,60.73,100.00
129-04326,2021-03-30 19:00:00,63.38,100.00
129-04326,2021-03-30 19:10:00,65.12,100.00
129-04326,2021-03-30 19:20:00,63.66,100.00
129-04326,2021-03-30 19:30:00,63.26,100.00
129-04326,2021-03-30 19:40:00,66.17,100.00
129-04326,2021-03-30 19:50:00,62.56,100.00
129-04326,2021-03-30 20:00:00,67.13,100.00
129-04326,2021-03-30 20:10:00,67.37,100.00
129-04326,2021-03-30 20:20:00,64.03,100.00
129-04326,2021-03-30 20:30:00,65.37,100.00
129-04326,2021-03-30 20:40:00,62.40,100.00
129-04326,2021-03-30 20:50:00,63.67,100.00
129-04326,2021-03-30 21:00:00,59.82,100.00
129-04326,2021-03-30 21:10:00,64.13,100.00
129-04326,2021-03-30 21:20:00,61.30,100.00
129-04326,2021-03-30 21:30:00,60.98,100.00
129-04326,2021-03-30 21:40:00,62.77,100.00
129-04326,2021-03-30 21:50:00,66.02,100.00
129-04326,2021-03-30 22:00:00,65.05,100.00
129-04326,2021-03-30 22:10:00,65.09,100.00
129-04326,2021-03-30 22:20:00,62.87,100.00
129-04326,2021-03-30 22:30:00,65.26,100.00
129-04326,2021-03-30 22:40:00,64.99,100.00
129-04326,2021-03-30 22:50:00,65.49,100.00
129-04326,2021-03-30 23:00:00,60.94,100.00
129-04326,2021-03-30 23:10:00,59.78,100.00
129-04326,2021-03-30 23:20:00,58.64,100.00
129-04326,2021-03-30 23:30:00,55.76,100.00
129-04326,2021-03-30 23:40:00,55.28,100.00
129-04326,2021-03-30 23:50:00,61.85,100.00
129-04667,2021-03-30 00:00:00,61.84,100.00
129-04667,2021-03-30 00:10:00,64.10,100.00
129-04667,2021-03-30 00:20:00,60.47,100.00
129-04667,2021-03-30 00:30:00,57.76,99.00
129-04667,2021-03-30 00:40:00,55.90,100.00
129-04667,2021-03-30 00:50:00,59.54,100.00
129-04667,2021-03-30 01:00:00,64.69,100.00
129-04667,2021-03-30 01:10:00,66.94,100.00
129-04667,2021-03-30 01:20:00,68.19,99.00
129-04667,2021-03-30 01:30:00,67.08,90.00
129-04667,2021-03-30 01:40:00,63.19,90.00
129-04667,2021-03-30 01:50:00,62.80,90.00
129-04667,2021-03-30 02:00:00,57.46,96.67
129-04667,2021-03-30 02:10:00,61.31,96.00
129-04667,2021-03-30 02:20:00,65.59,97.00
129-04667,2021-03-30 02:30:00,66.71,97.00
129-04667,2021-03-30 02:40:00,57.48,100.00
129-04667,2021-03-30 02:50:00,60.70,100.00
129-04667,2021-03-30 03:00:00,58.40,99.00
129-04667,2021-03-30 03:10:00,61.20,97.00
129-04667,2021-03-30 03:20:00,59.78,97.00
129-04667,2021-03-30 03:30:00,57.90,91.00
129-04667,2021-03-30 03:40:00,50.64,90.00
129-04667,2021-03-30 03:50:00,41.38,86.00
129-04667,2021-03-30 04:00:00,41.00,90.00
129-04667,2021-03-30 04:10:00,42.56,90.00
129-04667,2021-03-30 04:20:00,47.16,93.00
129-04667,2021-03-30 04:30:00,58.94,100.00
129-04667,2021-03-30 04:40:00,67.00,100.00
129-04667,2021-03-30 04:50:00,67.00,99.00
129-04667,2021-03-30 05:00:00,65.58,90.00
129-04667,2021-03-30 05:10:00,53.60,95.00
129-04667,2021-03-30 05:20:00,60.00,100.00
129-04667,2021-03-30 05:30:00,69.32,100.00
129-04667,2021-03-30 05:40:00,66.84,100.00
129-04667,2021-03-30 05:50:00,64.78,100.00
129-04667,2021-03-30 06:00:00,67.76,100.00
129-04667,2021-03-30 06:10:00,65.19,100.00
129-04667,2021-03-30 06:20:00,65.98,100.00
129-04667,2021-03-30 06:30:00,66.89,100.00
129-04667,2021-03-30 06:40:00,63.60,100.00
129-04667,2021-03-30 06:50:00,66.42,100.00
129-04667,2021-03-30 07:00:00,63.00,100.00
129-04667,2021-03-30 07:10:00,65.89,100.00
129-04667,2021-03-30 07:20:00,63.22,100.00
129-04667,2021-03-30 07:30:00,65.43,100.00
129-04667,2021-03-30 07:40:00,62.54,100.00
129-04667,2021-03-30 07:50:00,62.08,100.00
129-04667,2021-03-30 08:00:00,64.05,100.00
129-04667,2021-03-30 08:10:00,60.49,100.00
129-04667,2021-03-30 08:20:00,61.93,100.00
129-04667,2021-03-30 08:30:00,60.64,100.00
129-04667,2021-03-30 08:40:00,61.63,100.00
129-04667,2021-03-30 08:50:00,61.36,100.00
129-04667,2021-03-30 09:00:00,58.61,100.00
129-04667,2021-03-30 09:10:00,58.98,100.00
129-04667,2021-03-30 09:20:00,62.55,100.00
129-04667,2021-03-30 09:30:00,63.82,100.00
129-04667,2021-03-30 09:40:00,61.93,100.00
129-04667,2021-03-30 09:50:00,61.07,100.00
129-04667,2021-03-30 10:00:00,58.93,100.00
129-04667,2021-03-30 10:10:00,62.26,100.00
129-04667,2021-03-30 10:20:00,60.99,100.00
129-04667,2021-03-30 10:30:00,61.93,100.00
129-04667,2021-03-30 10:40:00,64.59,100.00
129-04667,2021-03-30 10:50:00,63.30,100.00
129-04667,2021-03-30 11:00:00,63.92,100.00
129-04667,2021-03-30 11:10:00,59.56,100.00
129-04667,2021-03-30 11:20:00,58.00,100.00
129-04667,2021-03-30 11:30:00,60.93,100.00
129-04667,2021-03-30 11:40:00,61.23,100.00
129-04667,2021-03-30 11:50:00,54.41,100.00
129-04667,2021-03-30 12:00:00,60.37,100.00
129-04667,2021-03-30 12:10:00,57.79,100.00
129-04667,2021-03-30 12:20:00,64.12,100.00
129-04667,2021-03-30 12:30:00,62.45,100.00
129-04667,2021-03-30 12:40:00,62.76,100.00
129-04667,2021-03-30 12:50:00,63.88,100.00
129-04667,2021-03-30 13:00:00,63.76,100.00
129-04667,2021-03-30 13:10:00,58.40,100.00
129-04667,2021-03-30 13:20:00,60.56,100.00
129-04667,2021-03-30 13:30:00,60.48,100.00
129-04667,2021-03-30 13:40:00,62.43,100.00
129-04667,2021-03-30 13:50:00,60.68,100.00
129-04667,2021-03-30 14:00:00,59.44,100.00
129-04667,2021-03-30 14:10:00,62.44,100.00
129-04667,2021-03-30 14:20:00,64.08,100.00
129-04667,2021-03-30 14:30:00,63.74,100.00
129-04667,2021-03-30 14:40:00,63.31,100.00
129-04667,2021-03-30 14:50:00,59.96,100.00
129-04667,2021-03-30 15:00:00,60.71,100.00
129-04667,2021-03-30 15:10:00,63.82,100.00
129-04667,2021-03-30 15:20:00,59.88,100.00
129-04667,2021-03-30 15:30:00,60.12,100.00
129-04667,2021-03-30 15:40:00,58.94,100.00
129-04667,2021-03-30 15:50:00,60.89,100.00
129-04667,2021-03-30 16:00:00,60.98,100.00
129-04667,2021-03-30 16:10:00,60.79,100.00
129-04667,2021-03-30 16:20:00,63.68,100.00
129-04667,2021-03-30 16:30:00,61.96,100.00
129-04667,2021-03-30 16:40:00,63.75,100.00
129-04667,2021-03-30 16:50:00,61.53,100.00
129-04667,2021-03-30 17:00:00,62.58,100.00
129-04667,2021-03-30 17:10:00,63.38,100.00
129-04667,2021-03-30 17:20:00,58.91,100.00
129-04667,2021-03-30 17:30:00,61.05,100.00
129-04667,2021-03-30 17:40:00,63.18,100.00
129-04667,2021-03-30 17:50:00,62.26,100.00
129-04667,2021-03-30 18:00:00,62.20,100.00
129-04667,2021-03-30 18:10:00,62.83,100.00
129-04667,2021-03-30 18:20:00,61.88,100.00
129-04667,2021-03-30 18:30:00,65.42,100.00
129-04667,2021-03-30 18:40:00,63.76,100.00
129-04667,2021-03-30 18:50:00,64.28,100.00
129-04667,2021-03-30 19:00:00,63.24,100.00
129-04667,2021-03-30 19:10:00,64.03,100.00
129-04667,2021-03-30 19:20:00,61.79,100.00
129-04667,2021-03-30 19:30:00,64.82,100.00
129-04667,2021-03-30 19:40:00,60.44,100.00
129-04667,2021-03-30 19:50:00,62.24,100.00
129-04667,2021-03-30 20:00:00,64.37,100.00
129-04667,2021-03-30 20:10:00,66.35,100.00
129-04667,2021-03-30 20:20:00,66.89,100.00
129-04667,2021-03-30 20:30:00,65.29,100.00
129-04667,2021-03-30 20:40:00,63.79,100.00
129-04667,2021-03-30 20:50:00,61.59,100.00
129-04667,2021-03-30 21:00:00,59.16,100.00
129-04667,2021-03-30 21:10:00,55.06,100.00
129-04667,2021-03-30 21:20:00,59.20,100.00
129-04667,2021-03-30 21:30:00,61.76,100.00
129-04667,2021-03-30 21:40:00,63.00,100.00
129-04667,2021-03-30 21:50:00,61.75,100.00
129-04667,2021-03-30 22:00:00,64.80,100.00
129-04667,2021-03-30 22:10:00,64.29,100.00
129-04667,2021-03-30 22:20:00,65.09,99.00
129-04667,2021-03-30 22:30:00,63.19,91.00
129-04667,2021-03-30 22:40:00,61.79,100.00
129-04667,2021-03-30 22:50:00,57.49,100.00
129-04667,2021-03-30 23:00:00,61.99,100.00
129-04667,2021-03-30 23:10:00,62.60,100.00
129-04667,2021-03-30 23:20:00,68.00,100.00
129-04667,2021-03-30 23:30:00,67.50,100.00
129-04667,2021-03-30 23:40:00,62.52,95.00
129-04667,2021-03-30 23:50:00,52.20,95.00
129-04327,2021-03-30 00:00:00,50.99,100.00
129-04327,2021-03-30 00:10:00,51.46,100.00
129-04327,2021-03-30 00:20:00,51.07,100.00
129-04327,2021-03-30 00:30:00,57.86,100.00
129-04327,2021-03-30 00:40:00,56.67,100.00
129-04327,2021-03-30 00:50:00,55.44,100.00
129-04327,2021-03-30 01:00:00,57.38,100.00
129-04327,2021-03-30 01:10:00,55.59,100.00
129-04327,2021-03-30 01:20:00,54.60,100.00
129-04327,2021-03-30 01:30:00,51.78,100.00
129-04327,2021-03-30 01:40:00,64.50,97.00
129-04327,2021-03-30 01:50:00,64.09,99.00
129-04327,2021-03-30 02:00:00,61.89,100.00
129-04327,2021-03-30 02:10:00,65.79,96.00
129-04327,2021-03-30 02:20:00,67.00,100.00
129-04327,2021-03-30 02:30:00,64.75,100.00
129-04327,2021-03-30 02:40:00,62.70,100.00
129-04327,2021-03-30 02:50:00,61.90,100.00
129-04327,2021-03-30 03:00:00,59.33,100.00
129-04327,2021-03-30 03:10:00,52.00,100.00
129-04327,2021-03-30 03:20:00,51.57,99.00
129-04327,2021-03-30 03:30:00,55.59,96.00
129-04327,2021-03-30 03:40:00,50.26,98.00
129-04327,2021-03-30 03:50:00,51.80,100.00
129-04327,2021-03-30 04:00:00,59.96,100.00
129-04327,2021-03-30 04:10:00,64.18,100.00
129-04327,2021-03-30 04:20:00,64.59,100.00
129-04327,2021-03-30 04:30:00,62.96,100.00
129-04327,2021-03-30 04:40:00,69.87,100.00
129-04327,2021-03-30 04:50:00,69.00,100.00
129-04327,2021-03-30 05:00:00,67.69,100.00
129-04327,2021-03-30 05:10:00,59.56,100.00
129-04327,2021-03-30 05:20:00,63.95,100.00
129-04327,2021-03-30 05:30:00,61.49,100.00
129-04327,2021-03-30 05:40:00,63.79,100.00
129-04327,2021-03-30 05:50:00,61.36,100.00
129-04327,2021-03-30 06:00:00,64.48,100.00
129-04327,2021-03-30 06:10:00,61.75,100.00
129-04327,2021-03-30 06:20:00,62.38,100.00
129-04327,2021-03-30 06:30:00,63.31,100.00
129-04327,2021-03-30 06:40:00,62.83,100.00
129-04327,2021-03-30 06:50:00,59.62,100.00
129-04327,2021-03-30 07:00:00,59.57,100.00
129-04327,2021-03-30 07:10:00,60.23,100.00
129-04327,2021-03-30 07:20:00,56.70,100.00
129-04327,2021-03-30 07:30:00,57.47,100.00
129-04327,2021-03-30 07:40:00,54.92,100.00
129-04327,2021-03-30 07:50:00,57.11,100.00
129-04327,2021-03-30 08:00:00,53.96,100.00
129-04327,2021-03-30 08:10:00,55.43,100.00
129-04327,2021-03-30 08:20:00,57.36,100.00
129-04327,2021-03-30 08:30:00,55.23,100.00
129-04327,2021-03-30 08:40:00,56.03,100.00
129-04327,2021-03-30 08:50:00,56.78,100.00
129-04327,2021-03-30 09:00:00,56.76,100.00
129-04327,2021-03-30 09:10:00,56.07,100.00
129-04327,2021-03-30 09:20:00,56.30,100.00
129-04327,2021-03-30 09:30:00,57.81,100.00
129-04327,2021-03-30 09:40:00,60.66,100.00
129-04327,2021-03-30 09:50:00,58.25,100.00
129-04327,2021-03-30 10:00:00,58.64,100.00
129-04327,2021-03-30 10:10:00,54.18,100.00
129-04327,2021-03-30 10:20:00,59.86,100.00
129-04327,2021-03-30 10:30:00,55.31,100.00
129-04327,2021-03-30 10:40:00,56.14,100.00
129-04327,2021-03-30 10:50:00,58.68,100.00
129-04327,2021-03-30 11:00:00,55.96,100.00
129-04327,2021-03-30 11:10:00,55.22,100.00
129-04327,2021-03-30 11:20:00,55.19,100.00
129-04327,2021-03-30 11:30:00,55.79,100.00
129-04327,2021-03-30 11:40:00,57.04,100.00
129-04327,2021-03-30 11:50:00,55.12,100.00
129-04327,2021-03-30 12:00:00,57.52,100.00
129-04327,2021-03-30 12:10:00,53.14,100.00
129-04327,2021-03-30 12:20:00,55.36,100.00
129-04327,2021-03-30 12:30:00,55.66,100.00
129-04327,2021-03-30 12:40:00,51.34,100.00
129-04327,2021-03-30 12:50:00,55.73,100.00
129-04327,2021-03-30 13:00:00,51.44,100.00
129-04327,2021-03-30 13:10:00,53.48,100.00
129-04327,2021-03-30 13:20:00,54.03,100.00
129-04327,2021-03-30 13:30:00,52.64,100.00
129-04327,2021-03-30 13:40:00,53.84,100.00
129-04327,2021-03-30 13:50:00,50.87,100.00
129-04327,2021-03-30 14:00:00,54.61,100.00
129-04327,2021-03-30 14:10:00,55.47,100.00
129-04327,2021-03-30 14:20:00,52.27,100.00
129-04327,2021-03-30 14:30:00,52.55,100.00
129-04327,2021-03-30 14:40:00,52.25,100.00
129-04327,2021-03-30 14:50:00,48.81,100.00
129-04327,2021-03-30 15:00:00,50.92,100.00
129-04327,2021-03-30 15:10:00,47.50,100.00
129-04327,2021-03-30 15:20:00,42.32,100.00
129-04327,2021-03-30 15:30:00,49.92,100.00
129-04327,2021-03-30 15:40:00,46.16,100.00
129-04327,2021-03-30 15:50:00,46.05,100.00
129-04327,2021-03-30 16:00:00,46.52,100.00
129-04327,2021-03-30 16:10:00,44.89,100.00
129-04327,2021-03-30 16:20:00,39.59,100.00
129-04327,2021-03-30 16:30:00,42.69,100.00
129-04327,2021-03-30 16:40:00,44.89,100.00
129-04327,2021-03-30 16:50:00,50.77,100.00
129-04327,2021-03-30 17:00:00,53.61,100.00
129-04327,2021-03-30 17:10:00,50.67,100.00
129-04327,2021-03-30 17:20:00,47.18,100.00
129-04327,2021-03-30 17:30:00,47.34,100.00
129-04327,2021-03-30 17:40:00,48.46,100.00
129-04327,2021-03-30 17:50:00,53.38,100.00
129-04327,2021-03-30 18:00:00,56.85,100.00
129-04327,2021-03-30 18:10:00,55.21,100.00
129-04327,2021-03-30 18:20:00,51.29,100.00
129-04327,2021-03-30 18:30:00,57.34,100.00
129-04327,2021-03-30 18:40:00,58.97,100.00
129-04327,2021-03-30 18:50:00,55.97,100.00
129-04327,2021-03-30 19:00:00,58.04,100.00
129-04327,2021-03-30 19:10:00,54.16,100.00
129-04327,2021-03-30 19:20:00,55.03,100.00
129-04327,2021-03-30 19:30:00,56.27,100.00
129-04327,2021-03-30 19:40:00,59.53,100.00
129-04327,2021-03-30 19:50:00,52.37,100.00
129-04327,2021-03-30 20:00:00,58.75,100.00
129-04327,2021-03-30 20:10:00,57.78,100.00
129-04327,2021-03-30 20:20:00,54.10,100.00
129-04327,2021-03-30 20:30:00,56.79,100.00
129-04327,2021-03-30 20:40:00,57.79,100.00
129-04327,2021-03-30 20:50:00,60.98,100.00
129-04327,2021-03-30 21:00:00,56.44,100.00
129-04327,2021-03-30 21:10:00,55.90,100.00
129-04327,2021-03-30 21:20:00,56.20,100.00
129-04327,2021-03-30 21:30:00,55.59,100.00
129-04327,2021-03-30 21:40:00,57.07,100.00
129-04327,2021-03-30 21:50:00,59.47,100.00
129-04327,2021-03-30 22:00:00,60.69,100.00
129-04327,2021-03-30 22:10:00,58.19,100.00
129-04327,2021-03-30 22:20:00,58.19,100.00
129-04327,2021-03-30 22:30:00,56.01,100.00
129-04327,2021-03-30 22:40:00,53.60,100.00
129-04327,2021-03-30 22:50:00,55.67,100.00
129-04327,2021-03-30 23:00:00,56.62,100.00
129-04327,2021-03-30 23:10:00,54.99,100.00
129-04327,2021-03-30 23:20:00,53.98,100.00
129-04327,2021-03-30 23:30:00,53.89,100.00
129-04327,2021-03-30 23:40:00,54.39,100.00
129-04327,2021-03-30 23:50:00,53.69,100.00
129-04665,2021-03-30 00:00:00,57.00,100.00
129-04665,2021-03-30 00:10:00,55.93,100.00
129-04665,2021-03-30 00:20:00,54.04,100.00
129-04665,2021-03-30 00:30:00,53.43,100.00
129-04665,2021-03-30 00:40:00,53.10,100.00
129-04665,2021-03-30 00:50:00,53.72,100.00
129-04665,2021-03-30 01:00:00,63.03,97.00
129-04665,2021-03-30 01:10:00,62.81,100.00
129-04665,2021-03-30 01:20:00,53.37,100.00
129-04665,2021-03-30 01:30:00,50.90,82.00
129-04665,2021-03-30 01:40:00,60.40,95.00
129-04665,2021-03-30 01:50:00,59.29,90.00
129-04665,2021-03-30 02:00:00,57.40,98.00
129-04665,2021-03-30 02:10:00,59.95,100.00
129-04665,2021-03-30 02:20:00,65.69,99.00
129-04665,2021-03-30 02:30:00,67.99,96.00
129-04665,2021-03-30 02:40:00,67.00,100.00
129-04665,2021-03-30 02:50:00,61.95,100.00
129-04665,2021-03-30 03:00:00,56.74,94.00
129-04665,2021-03-30 03:10:00,56.20,97.00
129-04665,2021-03-30 03:20:00,56.78,94.00
129-04665,2021-03-30 03:30:00,58.00,93.00
129-04665,2021-03-30 03:40:00,51.61,97.00
129-04665,2021-03-30 03:50:00,44.30,99.00
129-04665,2021-03-30 04:00:00,51.94,100.00
129-04665,2021-03-30 04:10:00,58.08,100.00
129-04665,2021-03-30 04:20:00,59.30,100.00
129-04665,2021-03-30 04:30:00,61.90,100.00
129-04665,2021-03-30 04:40:00,67.80,100.00
129-04665,2021-03-30 04:50:00,68.86,98.00
129-04665,2021-03-30 05:00:00,71.10,95.00
129-04665,2021-03-30 05:10:00,57.20,100.00
129-04665,2021-03-30 05:20:00,63.33,100.00
129-04665,2021-03-30 05:30:00,68.74,100.00
129-04665,2021-03-30 05:40:00,65.90,100.00
129-04665,2021-03-30 05:50:00,65.71,100.00
129-04665,2021-03-30 06:00:00,68.36,100.00
129-04665,2021-03-30 06:10:00,65.34,100.00
129-04665,2021-03-30 06:20:00,60.67,100.00
129-04665,2021-03-30 06:30:00,66.88,100.00
129-04665,2021-03-30 06:40:00,64.38,100.00
129-04665,2021-03-30 06:50:00,62.69,100.00
129-04665,2021-03-30 07:00:00,63.11,100.00
129-04665,2021-03-30 07:10:00,64.40,100.00
129-04665,2021-03-30 07:20:00,62.14,100.00
129-04665,2021-03-30 07:30:00,55.52,100.00
129-04665,2021-03-30 07:40:00,57.56,100.00
129-04665,2021-03-30 07:50:00,61.25,100.00
129-04665,2021-03-30 08:00:00,60.70,100.00
129-04665,2021-03-30 08:10:00,62.55,100.00
129-04665,2021-03-30 08:20:00,60.97,100.00
129-04665,2021-03-30 08:30:00,62.05,100.00
129-04665,2021-03-30 08:40:00,63.34,100.00
129-04665,2021-03-30 08:50:00,58.51,100.00
129-04665,2021-03-30 09:00:00,61.51,100.00
129-04665,2021-03-30 09:10:00,59.18,100.00
129-04665,2021-03-30 09:20:00,60.40,100.00
129-04665,2021-03-30 09:30:00,62.90,100.00
129-04665,2021-03-30 09:40:00,64.08,100.00
129-04665,2021-03-30 09:50:00,60.37,100.00
129-04665,2021-03-30 10:00:00,59.37,100.00
129-04665,2021-03-30 10:10:00,60.58,100.00
129-04665,2021-03-30 10:20:00,61.79,100.00
129-04665,2021-03-30 10:30:00,61.74,100.00
129-04665,2021-03-30 10:40:00,63.67,100.00
129-04665,2021-03-30 10:50:00,60.14,100.00
129-04665,2021-03-30 11:00:00,64.76,100.00
129-04665,2021-03-30 11:10:00,60.74,100.00
129-04665,2021-03-30 11:20:00,60.81,100.00
129-04665,2021-03-30 11:30:00,60.62,100.00
129-04665,2021-03-30 11:40:00,58.11,100.00
129-04665,2021-03-30 11:50:00,59.84,100.00
129-04665,2021-03-30 12:00:00,60.01,100.00
129-04665,2021-03-30 12:10:00,61.37,100.00
129-04665,2021-03-30 12:20:00,63.03,100.00
129-04665,2021-03-30 12:30:00,58.80,100.00
129-04665,2021-03-30 12:40:00,60.13,100.00
129-04665,2021-03-30 12:50:00,61.49,100.00
129-04665,2021-03-30 13:00:00,56.50,100.00
129-04665,2021-03-30 13:10:00,58.28,100.00
129-04665,2021-03-30 13:20:00,60.60,100.00
129-04665,2021-03-30 13:30:00,59.81,100.00
129-04665,2021-03-30 13:40:00,61.46,100.00
129-04665,2021-03-30 13:50:00,63.36,100.00
129-04665,2021-03-30 14:00:00,60.68,100.00
129-04665,2021-03-30 14:10:00,61.15,100.00
129-04665,2021-03-30 14:20:00,59.66,100.00
129-04665,2021-03-30 14:30:00,61.71,100.00
129-04665,2021-03-30 14:40:00,61.56,100.00
129-04665,2021-03-30 14:50:00,58.67,100.00
129-04665,2021-03-30 15:00:00,62.99,100.00
129-04665,2021-03-30 15:10:00,61.14,100.00
129-04665,2021-03-30 15:20:00,58.68,100.00
129-04665,2021-03-30 15:30:00,58.57,100.00
129-04665,2021-03-30 15:40:00,52.31,100.00
129-04665,2021-03-30 15:50:00,51.07,100.00
129-04665,2021-03-30 16:00:00,57.36,100.00
129-04665,2021-03-30 16:10:00,59.44,100.00
129-04665,2021-03-30 16:20:00,61.22,100.00
129-04665,2021-03-30 16:30:00,59.49,100.00
129-04665,2021-03-30 16:40:00,59.56,100.00
129-04665,2021-03-30 16:50:00,56.46,100.00
129-04665,2021-03-30 17:00:00,61.27,100.00
129-04665,2021-03-30 17:10:00,59.56,100.00
129-04665,2021-03-30 17:20:00,57.66,100.00
129-04665,2021-03-30 17:30:00,58.17,100.00
129-04665,2021-03-30 17:40:00,62.03,100.00
129-04665,2021-03-30 17:50:00,61.36,100.00
129-04665,2021-03-30 18:00:00,61.64,100.00
129-04665,2021-03-30 18:10:00,62.69,100.00
129-04665,2021-03-30 18:20:00,59.54,100.00
129-04665,2021-03-30 18:30:00,63.56,100.00
129-04665,2021-03-30 18:40:00,65.70,100.00
129-04665,2021-03-30 18:50:00,66.46,100.00
129-04665,2021-03-30 19:00:00,65.14,100.00
129-04665,2021-03-30 19:10:00,65.24,100.00
129-04665,2021-03-30 19:20:00,61.58,100.00
129-04665,2021-03-30 19:30:00,62.06,100.00
129-04665,2021-03-30 19:40:00,61.66,100.00
129-04665,2021-03-30 19:50:00,62.80,100.00
129-04665,2021-03-30 20:00:00,63.00,100.00
129-04665,2021-03-30 20:10:00,65.94,100.00
129-04665,2021-03-30 20:20:00,62.79,100.00
129-04665,2021-03-30 20:30:00,64.63,100.00
129-04665,2021-03-30 20:40:00,64.88,100.00
129-04665,2021-03-30 20:50:00,64.10,100.00
129-04665,2021-03-30 21:00:00,62.06,100.00
129-04665,2021-03-30 21:10:00,58.39,100.00
129-04665,2021-03-30 21:20:00,60.60,100.00
129-04665,2021-03-30 21:30:00,60.57,100.00
129-04665,2021-03-30 21:40:00,60.39,100.00
129-04665,2021-03-30 21:50:00,58.00,100.00
129-04665,2021-03-30 22:00:00,58.00,100.00
129-04665,2021-03-30 22:10:00,57.19,100.00
129-04665,2021-03-30 22:20:00,61.43,100.00
129-04665,2021-03-30 22:30:00,59.80,100.00
129-04665,2021-03-30 22:40:00,60.14,100.00
129-04665,2021-03-30 22:50:00,57.00,100.00
129-04665,2021-03-30 23:00:00,61.89,100.00
129-04665,2021-03-30 23:10:00,63.00,100.00
129-04665,2021-03-30 23:20:00,66.67,100.00
129-04665,2021-03-30 23:30:00,65.90,100.00
129-04665,2021-03-30 23:40:00,62.54,100.00
129-04665,2021-03-30 23:50:00,56.55,100.00
129-04666,2021-03-30 00:00:00,61.18,100.00
129-04666,2021-03-30 00:10:00,62.19,100.00
129-04666,2021-03-30 00:20:00,58.67,100.00
129-04666,2021-03-30 00:30:00,54.95,97.00
129-04666,2021-03-30 00:40:00,53.90,100.00
129-04666,2021-03-30 00:50:00,55.41,100.00
129-04666,2021-03-30 01:00:00,64.07,100.00
129-04666,2021-03-30 01:10:00,66.07,100.00
129-04666,2021-03-30 01:20:00,66.89,99.00
129-04666,2021-03-30 01:30:00,63.38,93.00
129-04666,2021-03-30 01:40:00,55.45,89.00
129-04666,2021-03-30 01:50:00,54.70,80.00
129-04666,2021-03-30 02:00:00,55.49,99.00
129-04666,2021-03-30 02:10:00,59.58,100.00
129-04666,2021-03-30 02:20:00,65.49,98.00
129-04666,2021-03-30 02:30:00,68.38,96.00
129-04666,2021-03-30 02:40:00,67.79,100.00
129-04666,2021-03-30 02:50:00,63.70,100.00
129-04666,2021-03-30 03:00:00,59.98,94.00
129-04666,2021-03-30 03:10:00,59.00,97.00
129-04666,2021-03-30 03:20:00,58.60,94.00
129-04666,2021-03-30 03:30:00,58.00,93.00
129-04666,2021-03-30 03:40:00,53.40,98.00
129-04666,2021-03-30 03:50:00,46.57,93.00
129-04666,2021-03-30 04:00:00,51.49,100.00
129-04666,2021-03-30 04:10:00,47.35,91.00
129-04666,2021-03-30 04:20:00,49.90,96.00
129-04666,2021-03-30 04:30:00,60.34,100.00
129-04666,2021-03-30 04:40:00,66.00,100.00
129-04666,2021-03-30 04:50:00,66.79,94.00
129-04666,2021-03-30 05:00:00,64.76,90.00
129-04666,2021-03-30 05:10:00,51.78,98.00
129-04666,2021-03-30 05:20:00,58.82,100.00
129-04666,2021-03-30 05:30:00,67.44,100.00
129-04666,2021-03-30 05:40:00,64.84,100.00
129-04666,2021-03-30 05:50:00,65.25,100.00
129-04666,2021-03-30 06:00:00,67.33,100.00
129-04666,2021-03-30 06:10:00,64.75,100.00
129-04666,2021-03-30 06:20:00,65.59,100.00
129-04666,2021-03-30 06:30:00,62.97,100.00
129-04666,2021-03-30 06:40:00,61.86,100.00
129-04666,2021-03-30 06:50:00,66.74,100.00
129-04666,2021-03-30 07:00:00,63.03,100.00
129-04666,2021-03-30 07:10:00,62.53,100.00
129-04666,2021-03-30 07:20:00,63.96,100.00
129-04666,2021-03-30 07:30:00,64.61,100.00
129-04666,2021-03-30 07:40:00,60.04,100.00
129-04666,2021-03-30 07:50:00,61.01,100.00
129-04666,2021-03-30 08:00:00,60.60,100.00
129-04666,2021-03-30 08:10:00,61.21,100.00
129-04666,2021-03-30 08:20:00,62.37,100.00
129-04666,2021-03-30 08:30:00,62.59,100.00
129-04666,2021-03-30 08:40:00,59.92,100.00
129-04666,2021-03-30 08:50:00,58.16,100.00
129-04666,2021-03-30 09:00:00,61.71,100.00
129-04666,2021-03-30 09:10:00,60.16,100.00
129-04666,2021-03-30 09:20:00,62.05,100.00
129-04666,2021-03-30 09:30:00,62.26,100.00
129-04666,2021-03-30 09:40:00,62.45,100.00
129-04666,2021-03-30 09:50:00,61.01,100.00
129-04666,2021-03-30 10:00:00,61.35,100.00
129-04666,2021-03-30 10:10:00,61.85,100.00
129-04666,2021-03-30 10:20:00,58.60,100.00
129-04666,2021-03-30 10:30:00,60.44,100.00
129-04666,2021-03-30 10:40:00,62.15,100.00
129-04666,2021-03-30 10:50:00,59.35,100.00
129-04666,2021-03-30 11:00:00,65.51,100.00
129-04666,2021-03-30 11:10:00,60.56,100.00
129-04666,2021-03-30 11:20:00,58.90,100.00
129-04666,2021-03-30 11:30:00,58.78,100.00
129-04666,2021-03-30 11:40:00,59.25,100.00
129-04666,2021-03-30 11:50:00,52.97,100.00
129-04666,2021-03-30 12:00:00,60.13,100.00
129-04666,2021-03-30 12:10:00,62.67,100.00
129-04666,2021-03-30 12:20:00,65.06,100.00
129-04666,2021-03-30 12:30:00,61.35,100.00
129-04666,2021-03-30 12:40:00,63.06,100.00
129-04666,2021-03-30 12:50:00,62.85,100.00
129-04666,2021-03-30 13:00:00,58.85,100.00
129-04666,2021-03-30 13:10:00,58.09,100.00
129-04666,2021-03-30 13:20:00,59.22,100.00
129-04666,2021-03-30 13:30:00,61.17,100.00
129-04666,2021-03-30 13:40:00,63.19,100.00
129-04666,2021-03-30 13:50:00,63.05,100.00
129-04666,2021-03-30 14:00:00,59.65,100.00
129-04666,2021-03-30 14:10:00,61.58,100.00
129-04666,2021-03-30 14:20:00,61.16,100.00
129-04666,2021-03-30 14:30:00,62.61,100.00
129-04666,2021-03-30 14:40:00,61.63,100.00
129-04666,2021-03-30 14:50:00,58.93,100.00
129-04666,2021-03-30 15:00:00,63.54,100.00
129-04666,2021-03-30 15:10:00,62.56,100.00
129-04666,2021-03-30 15:20:00,59.29,100.00
129-04666,2021-03-30 15:30:00,58.18,100.00
129-04666,2021-03-30 15:40:00,56.02,100.00
129-04666,2021-03-30 15:50:00,59.63,100.00
129-04666,2021-03-30 16:00:00,59.45,100.00
129-04666,2021-03-30 16:10:00,61.37,100.00
129-04666,2021-03-30 16:20:00,61.46,100.00
129-04666,2021-03-30 16:30:00,59.25,100.00
129-04666,2021-03-30 16:40:00,59.46,100.00
129-04666,2021-03-30 16:50:00,60.05,100.00
129-04666,2021-03-30 17:00:00,62.17,100.00
129-04666,2021-03-30 17:10:00,59.48,100.00
129-04666,2021-03-30 17:20:00,57.93,100.00
129-04666,2021-03-30 17:30:00,58.18,100.00
129-04666,2021-03-30 17:40:00,60.69,100.00
129-04666,2021-03-30 17:50:00,61.16,100.00
129-04666,2021-03-30 18:00:00,61.76,100.00
129-04666,2021-03-30 18:10:00,62.13,100.00
129-04666,2021-03-30 18:20:00,59.97,100.00
129-04666,2021-03-30 18:30:00,63.52,100.00
129-04666,2021-03-30 18:40:00,65.37,100.00
129-04666,2021-03-30 18:50:00,63.39,100.00
129-04666,2021-03-30 19:00:00,64.24,100.00
129-04666,2021-03-30 19:10:00,60.58,100.00
129-04666,2021-03-30 19:20:00,59.88,100.00
129-04666,2021-03-30 19:30:00,65.12,100.00
129-04666,2021-03-30 19:40:00,61.43,100.00
129-04666,2021-03-30 19:50:00,63.99,100.00
129-04666,2021-03-30 20:00:00,65.00,100.00
129-04666,2021-03-30 20:10:00,65.70,100.00
129-04666,2021-03-30 20:20:00,63.27,100.00
129-04666,2021-03-30 20:30:00,65.80,100.00
129-04666,2021-03-30 20:40:00,64.17,100.00
129-04666,2021-03-30 20:50:00,59.74,100.00
129-04666,2021-03-30 21:00:00,59.28,100.00
129-04666,2021-03-30 21:10:00,56.48,100.00
129-04666,2021-03-30 21:20:00,57.79,100.00
129-04666,2021-03-30 21:30:00,59.96,100.00
129-04666,2021-03-30 21:40:00,58.80,100.00
129-04666,2021-03-30 21:50:00,59.59,100.00
129-04666,2021-03-30 22:00:00,59.90,100.00
129-04666,2021-03-30 22:10:00,59.80,100.00
129-04666,2021-03-30 22:20:00,58.54,99.00
129-04666,2021-03-30 22:30:00,57.00,100.00
129-04666,2021-03-30 22:40:00,57.63,100.00
129-04666,2021-03-30 22:50:00,52.34,100.00
129-04666,2021-03-30 23:00:00,57.78,100.00
129-04666,2021-03-30 23:10:00,62.56,100.00
129-04666,2021-03-30 23:20:00,69.37,100.00
129-04666,2021-03-30 23:30:00,68.80,100.00
129-04666,2021-03-30 23:40:00,62.67,95.00
129-04666,2021-03-30 23:50:00,52.29,100.00
129-04663,2021-03-30 00:00:00,44.58,100.00
129-04663,2021-03-30 00:10:00,46.00,100.00
129-04663,2021-03-30 00:20:00,45.68,100.00
129-04663,2021-03-30 00:30:00,48.56,100.00
129-04663,2021-03-30 00:40:00,47.80,100.00
129-04663,2021-03-30 00:50:00,49.57,100.00
129-04663,2021-03-30 01:00:00,54.99,100.00
129-04663,2021-03-30 01:10:00,47.39,100.00
129-04663,2021-03-30 01:20:00,45.98,100.00
129-04663,2021-03-30 01:30:00,46.64,93.00
129-04663,2021-03-30 01:40:00,59.20,95.00
129-04663,2021-03-30 01:50:00,58.70,90.00
129-04663,2021-03-30 02:00:00,56.27,97.00
129-04663,2021-03-30 02:10:00,56.75,93.00
129-04663,2021-03-30 02:20:00,65.00,100.00
129-04663,2021-03-30 02:30:00,63.45,100.00
129-04663,2021-03-30 02:40:00,66.19,100.00
129-04663,2021-03-30 02:50:00,63.99,100.00
129-04663,2021-03-30 03:00:00,60.65,100.00
129-04663,2021-03-30 03:10:00,54.40,100.00
129-04663,2021-03-30 03:20:00,54.78,100.00
129-04663,2021-03-30 03:30:00,56.50,98.00
129-04663,2021-03-30 03:40:00,56.20,90.00
129-04663,2021-03-30 03:50:00,50.37,96.00
129-04663,2021-03-30 04:00:00,57.99,100.00
129-04663,2021-03-30 04:10:00,61.20,100.00
129-04663,2021-03-30 04:20:00,62.80,100.00
129-04663,2021-03-30 04:30:00,61.19,100.00
129-04663,2021-03-30 04:40:00,61.00,91.00
129-04663,2021-03-30 04:50:00,61.61,91.00
129-04663,2021-03-30 05:00:00,66.99,100.00
129-04663,2021-03-30 05:10:00,59.34,100.00
129-04663,2021-03-30 05:20:00,59.18,100.00
129-04663,2021-03-30 05:30:00,65.70,100.00
129-04663,2021-03-30 05:40:00,65.74,100.00
129-04663,2021-03-30 05:50:00,64.53,100.00
129-04663,2021-03-30 06:00:00,66.36,100.00
129-04663,2021-03-30 06:10:00,63.17,100.00
129-04663,2021-03-30 06:20:00,64.25,100.00
129-04663,2021-03-30 06:30:00,64.40,100.00
129-04663,2021-03-30 06:40:00,61.82,100.00
129-04663,2021-03-30 06:50:00,58.81,100.00
129-04663,2021-03-30 07:00:00,61.38,100.00
129-04663,2021-03-30 07:10:00,58.66,100.00
129-04663,2021-03-30 07:20:00,45.97,100.00
129-04663,2021-03-30 07:30:00,58.78,100.00
129-04663,2021-03-30 07:40:00,53.81,100.00
129-04663,2021-03-30 07:50:00,55.12,100.00
129-04663,2021-03-30 08:00:00,55.06,100.00
129-04663,2021-03-30 08:10:00,56.59,100.00
129-04663,2021-03-30 08:20:00,58.70,100.00
129-04663,2021-03-30 08:30:00,57.45,100.00
129-04663,2021-03-30 08:40:00,54.25,100.00
129-04663,2021-03-30 08:50:00,55.75,100.00
129-04663,2021-03-30 09:00:00,55.35,100.00
129-04663,2021-03-30 09:10:00,57.45,100.00
129-04663,2021-03-30 09:20:00,54.71,100.00
129-04663,2021-03-30 09:30:00,57.03,100.00
129-04663,2021-03-30 09:40:00,58.83,100.00
129-04663,2021-03-30 09:50:00,56.75,100.00
129-04663,2021-03-30 10:00:00,54.50,100.00
129-04663,2021-03-30 10:10:00,58.25,100.00
129-04663,2021-03-30 10:20:00,57.44,100.00
129-04663,2021-03-30 10:30:00,51.38,100.00
129-04663,2021-03-30 10:40:00,58.08,100.00
129-04663,2021-03-30 10:50:00,55.04,100.00
129-04663,2021-03-30 11:00:00,56.72,100.00
129-04663,2021-03-30 11:10:00,51.13,100.00
129-04663,2021-03-30 11:20:00,53.80,100.00
129-04663,2021-03-30 11:30:00,51.03,100.00
129-04663,2021-03-30 11:40:00,54.32,100.00
129-04663,2021-03-30 11:50:00,53.39,100.00
129-04663,2021-03-30 12:00:00,50.02,100.00
129-04663,2021-03-30 12:10:00,54.05,100.00
129-04663,2021-03-30 12:20:00,57.26,100.00
129-04663,2021-03-30 12:30:00,53.89,100.00
129-04663,2021-03-30 12:40:00,51.37,100.00
129-04663,2021-03-30 12:50:00,56.70,100.00
129-04663,2021-03-30 13:00:00,50.68,100.00
129-04663,2021-03-30 13:10:00,51.55,100.00
129-04663,2021-03-30 13:20:00,48.86,100.00
129-04663,2021-03-30 13:30:00,51.06,100.00
129-04663,2021-03-30 13:40:00,50.48,100.00
129-04663,2021-03-30 13:50:00,52.06,100.00
129-04663,2021-03-30 14:00:00,49.68,100.00
129-04663,2021-03-30 14:10:00,53.92,100.00
129-04663,2021-03-30 14:20:00,53.61,100.00
129-04663,2021-03-30 14:30:00,54.34,100.00
129-04663,2021-03-30 14:40:00,51.91,100.00
129-04663,2021-03-30 14:50:00,54.66,100.00
129-04663,2021-03-30 15:00:00,51.32,100.00
129-04663,2021-03-30 15:10:00,45.03,100.00
129-04663,2021-03-30 15:20:00,42.38,99.00
129-04663,2021-03-30 15:30:00,25.43,96.00
129-04663,2021-03-30 15:40:00,19.73,91.00
129-04663,2021-03-30 15:50:00,21.72,95.00
129-04663,2021-03-30 16:00:00,34.05,100.00
129-04663,2021-03-30 16:10:00,48.76,100.00
129-04663,2021-03-30 16:20:00,50.56,100.00
129-04663,2021-03-30 16:30:00,52.06,100.00
129-04663,2021-03-30 16:40:00,52.13,100.00
129-04663,2021-03-30 16:50:00,51.55,100.00
129-04663,2021-03-30 17:00:00,58.67,98.00
129-04663,2021-03-30 17:10:00,53.55,100.00
129-04663,2021-03-30 17:20:00,47.16,100.00
129-04663,2021-03-30 17:30:00,50.13,100.00
129-04663,2021-03-30 17:40:00,54.63,100.00
129-04663,2021-03-30 17:50:00,56.39,100.00
129-04663,2021-03-30 18:00:00,54.82,100.00
129-04663,2021-03-30 18:10:00,56.55,100.00
129-04663,2021-03-30 18:20:00,55.02,100.00
129-04663,2021-03-30 18:30:00,57.10,100.00
129-04663,2021-03-30 18:40:00,55.72,99.00
129-04663,2021-03-30 18:50:00,59.10,100.00
129-04663,2021-03-30 19:00:00,57.60,100.00
129-04663,2021-03-30 19:10:00,59.32,100.00
129-04663,2021-03-30 19:20:00,54.36,100.00
129-04663,2021-03-30 19:30:00,55.91,100.00
129-04663,2021-03-30 19:40:00,58.98,100.00
129-04663,2021-03-30 19:50:00,53.08,100.00
129-04663,2021-03-30 20:00:00,53.86,100.00
129-04663,2021-03-30 20:10:00,51.52,100.00
129-04663,2021-03-30 20:20:00,46.12,100.00
129-04663,2021-03-30 20:30:00,49.17,100.00
129-04663,2021-03-30 20:40:00,49.07,100.00
129-04663,2021-03-30 20:50:00,48.75,100.00
129-04663,2021-03-30 21:00:00,48.69,100.00
129-04663,2021-03-30 21:10:00,49.78,100.00
129-04663,2021-03-30 21:20:00,49.49,100.00
129-04663,2021-03-30 21:30:00,50.39,100.00
129-04663,2021-03-30 21:40:00,50.30,100.00
129-04663,2021-03-30 21:50:00,50.77,100.00
129-04663,2021-03-30 22:00:00,50.78,100.00
129-04663,2021-03-30 22:10:00,51.90,100.00
129-04663,2021-03-30 22:20:00,50.78,100.00
129-04663,2021-03-30 22:30:00,48.49,100.00
129-04663,2021-03-30 22:40:00,45.86,100.00
129-04663,2021-03-30 22:50:00,46.56,100.00
129-04663,2021-03-30 23:00:00,47.94,100.00
129-04663,2021-03-30 23:10:00,48.80,100.00
129-04663,2021-03-30 23:20:00,49.68,100.00
129-04663,2021-03-30 23:30:00,48.47,100.00
129-04663,2021-03-30 23:40:00,47.49,100.00
129-04663,2021-03-30 23:50:00,48.37,99.00
129-04664,2021-03-30 00:00:00,55.12,100.00
129-04664,2021-03-30 00:10:00,54.57,100.00
129-04664,2021-03-30 00:20:00,55.46,100.00
129-04664,2021-03-30 00:30:00,59.92,100.00
129-04664,2021-03-30 00:40:00,56.40,100.00
129-04664,2021-03-30 00:50:00,55.51,100.00
129-04664,2021-03-30 01:00:00,59.20,100.00
129-04664,2021-03-30 01:10:00,52.40,100.00
129-04664,2021-03-30 01:20:00,50.68,97.60
129-04664,2021-03-30 01:30:00,51.64,92.40
129-04664,2021-03-30 01:40:00,60.00,94.00
129-04664,2021-03-30 01:50:00,58.99,90.00
129-04664,2021-03-30 02:00:00,58.99,98.00
129-04664,2021-03-30 02:10:00,60.77,96.40
129-04664,2021-03-30 02:20:00,65.30,99.40
129-04664,2021-03-30 02:30:00,66.39,96.40
129-04664,2021-03-30 02:40:00,66.00,100.00
129-04664,2021-03-30 02:50:00,65.49,100.00
129-04664,2021-03-30 03:00:00,62.70,100.00
129-04664,2021-03-30 03:10:00,57.30,100.00
129-04664,2021-03-30 03:20:00,57.78,100.00
129-04664,2021-03-30 03:30:00,57.19,98.00
129-04664,2021-03-30 03:40:00,56.47,90.00
129-04664,2021-03-30 03:50:00,44.66,93.80
129-04664,2021-03-30 04:00:00,53.08,100.00
129-04664,2021-03-30 04:10:00,58.36,100.00
129-04664,2021-03-30 04:20:00,62.69,100.00
129-04664,2021-03-30 04:30:00,63.19,99.40
129-04664,2021-03-30 04:40:00,65.00,94.00
129-04664,2021-03-30 04:50:00,65.46,94.40
129-04664,2021-03-30 05:00:00,67.52,98.40
129-04664,2021-03-30 05:10:00,57.42,98.80
129-04664,2021-03-30 05:20:00,61.94,100.00
129-04664,2021-03-30 05:30:00,67.24,100.00
129-04664,2021-03-30 05:40:00,67.07,100.00
129-04664,2021-03-30 05:50:00,66.46,100.00
129-04664,2021-03-30 06:00:00,67.54,100.00
129-04664,2021-03-30 06:10:00,64.58,100.00
129-04664,2021-03-30 06:20:00,66.17,100.00
129-04664,2021-03-30 06:30:00,67.45,100.00
129-04664,2021-03-30 06:40:00,62.59,100.00
129-04664,2021-03-30 06:50:00,60.63,100.00
129-04664,2021-03-30 07:00:00,64.38,100.00
129-04664,2021-03-30 07:10:00,66.58,100.00
129-04664,2021-03-30 07:20:00,64.22,100.00
129-04664,2021-03-30 07:30:00,59.02,100.00
129-04664,2021-03-30 07:40:00,59.03,100.00
129-04664,2021-03-30 07:50:00,60.37,100.00
129-04664,2021-03-30 08:00:00,60.35,100.00
129-04664,2021-03-30 08:10:00,62.27,100.00
129-04664,2021-03-30 08:20:00,60.47,100.00
129-04664,2021-03-30 08:30:00,61.03,100.00
129-04664,2021-03-30 08:40:00,61.00,100.00
129-04664,2021-03-30 08:50:00,58.80,100.00
129-04664,2021-03-30 09:00:00,59.32,100.00
129-04664,2021-03-30 09:10:00,57.91,100.00
129-04664,2021-03-30 09:20:00,61.50,100.00
129-04664,2021-03-30 09:30:00,62.59,100.00
129-04664,2021-03-30 09:40:00,64.48,100.00
129-04664,2021-03-30 09:50:00,58.87,100.00
129-04664,2021-03-30 10:00:00,58.96,100.00
129-04664,2021-03-30 10:10:00,62.15,100.00
129-04664,2021-03-30 10:20:00,61.37,100.00
129-04664,2021-03-30 10:30:00,58.79,100.00
129-04664,2021-03-30 10:40:00,61.86,100.00
129-04664,2021-03-30 10:50:00,59.17,100.00
129-04664,2021-03-30 11:00:00,61.31,100.00
129-04664,2021-03-30 11:10:00,63.08,100.00
129-04664,2021-03-30 11:20:00,57.70,100.00
129-04664,2021-03-30 11:30:00,57.38,100.00
129-04664,2021-03-30 11:40:00,58.15,100.00
129-04664,2021-03-30 11:50:00,58.45,100.00
129-04664,2021-03-30 12:00:00,58.16,100.00
129-04664,2021-03-30 12:10:00,58.50,100.00
129-04664,2021-03-30 12:20:00,59.24,100.00
129-04664,2021-03-30 12:30:00,56.20,100.00
129-04664,2021-03-30 12:40:00,60.28,100.00
129-04664,2021-03-30 12:50:00,60.85,100.00
129-04664,2021-03-30 13:00:00,58.46,100.00
129-04664,2021-03-30 13:10:00,57.14,100.00
129-04664,2021-03-30 13:20:00,57.80,100.00
129-04664,2021-03-30 13:30:00,57.32,100.00
129-04664,2021-03-30 13:40:00,60.36,100.00
129-04664,2021-03-30 13:50:00,59.01,100.00
129-04664,2021-03-30 14:00:00,62.09,100.00
129-04664,2021-03-30 14:10:00,58.30,100.00
129-04664,2021-03-30 14:20:00,58.16,100.00
129-04664,2021-03-30 14:30:00,58.97,100.00
129-04664,2021-03-30 14:40:00,61.61,100.00
129-04664,2021-03-30 14:50:00,57.09,100.00
129-04664,2021-03-30 15:00:00,59.71,100.00
129-04664,2021-03-30 15:10:00,55.99,100.00
129-04664,2021-03-30 15:20:00,53.94,100.00
129-04664,2021-03-30 15:30:00,49.31,100.00
129-04664,2021-03-30 15:40:00,30.11,94.80
129-04664,2021-03-30 15:50:00,20.25,90.80
129-04664,2021-03-30 16:00:00,51.80,99.40
129-04664,2021-03-30 16:10:00,56.94,100.00
129-04664,2021-03-30 16:20:00,58.93,100.00
129-04664,2021-03-30 16:30:00,58.98,100.00
129-04664,2021-03-30 16:40:00,59.45,100.00
129-04664,2021-03-30 16:50:00,57.67,100.00
129-04664,2021-03-30 17:00:00,60.76,100.00
129-04664,2021-03-30 17:10:00,58.81,100.00
129-04664,2021-03-30 17:20:00,58.26,100.00
129-04664,2021-03-30 17:30:00,57.82,100.00
129-04664,2021-03-30 17:40:00,60.16,100.00
129-04664,2021-03-30 17:50:00,61.25,100.00
129-04664,2021-03-30 18:00:00,62.05,100.00
129-04664,2021-03-30 18:10:00,60.95,100.00
129-04664,2021-03-30 18:20:00,60.48,100.00
129-04664,2021-03-30 18:30:00,61.18,100.00
129-04664,2021-03-30 18:40:00,61.67,100.00
129-04664,2021-03-30 18:50:00,61.99,100.00
129-04664,2021-03-30 19:00:00,62.95,100.00
129-04664,2021-03-30 19:10:00,65.58,100.00
129-04664,2021-03-30 19:20:00,58.49,100.00
129-04664,2021-03-30 19:30:00,61.32,100.00
129-04664,2021-03-30 19:40:00,61.72,100.00
129-04664,2021-03-30 19:50:00,56.13,100.00
129-04664,2021-03-30 20:00:00,59.79,100.00
129-04664,2021-03-30 20:10:00,61.27,100.00
129-04664,2021-03-30 20:20:00,60.03,100.00
129-04664,2021-03-30 20:30:00,63.78,100.00
129-04664,2021-03-30 20:40:00,64.99,100.00
129-04664,2021-03-30 20:50:00,63.77,100.00
129-04664,2021-03-30 21:00:00,61.59,100.00
129-04664,2021-03-30 21:10:00,57.60,100.00
129-04664,2021-03-30 21:20:00,57.40,100.00
129-04664,2021-03-30 21:30:00,58.74,100.00
129-04664,2021-03-30 21:40:00,60.80,100.00
129-04664,2021-03-30 21:50:00,59.29,100.00
129-04664,2021-03-30 22:00:00,60.00,100.00
129-04664,2021-03-30 22:10:00,58.89,100.00
129-04664,2021-03-30 22:20:00,59.30,100.00
129-04664,2021-03-30 22:30:00,57.00,100.00
129-04664,2021-03-30 22:40:00,56.25,100.00
129-04664,2021-03-30 22:50:00,54.59,100.00
129-04664,2021-03-30 23:00:00,60.89,100.00
129-04664,2021-03-30 23:10:00,61.50,100.00
129-04664,2021-03-30 23:20:00,64.95,99.60
129-04664,2021-03-30 23:30:00,57.38,96.40
129-04664,2021-03-30 23:40:00,57.88,100.00
129-04664,2021-03-30 23:50:00,60.39,100.00
129N04329,2021-03-30 00:00:00,41.97,100.00
129N04329,2021-03-30 00:10:00,46.79,100.00
129N04329,2021-03-30 00:20:00,47.35,100.00
129N04329,2021-03-30 00:30:00,52.86,100.00
129N04329,2021-03-30 00:40:00,51.38,100.00
129N04329,2021-03-30 00:50:00,48.50,100.00
129N04329,2021-03-30 01:00:00,51.80,100.00
129N04329,2021-03-30 01:10:00,45.80,100.00
129N04329,2021-03-30 01:20:00,44.18,100.00
129N04329,2021-03-30 01:30:00,43.41,92.70
129N04329,2021-03-30 01:40:00,58.30,100.00
129N04329,2021-03-30 01:50:00,58.00,100.00
129N04329,2021-03-30 02:00:00,56.50,97.50
129N04329,2021-03-30 02:10:00,55.00,81.00
129N04329,2021-03-30 02:20:00,63.00,95.00
129N04329,2021-03-30 02:30:00,63.18,98.50
129N04329,2021-03-30 02:40:00,64.29,100.00
129N04329,2021-03-30 02:50:00,62.10,100.00
129N04329,2021-03-30 03:00:00,56.85,100.00
129N04329,2021-03-30 03:10:00,45.10,100.00
129N04329,2021-03-30 03:20:00,46.25,100.00
129N04329,2021-03-30 03:30:00,52.29,96.20
129N04329,2021-03-30 03:40:00,53.30,90.00
129N04329,2021-03-30 03:50:00,51.10,98.00
129N04329,2021-03-30 04:00:00,58.70,100.00
129N04329,2021-03-30 04:10:00,58.11,98.50
129N04329,2021-03-30 04:20:00,51.79,95.00
129N04329,2021-03-30 04:30:00,57.76,97.90
129N04329,2021-03-30 04:40:00,66.80,100.00
129N04329,2021-03-30 04:50:00,65.70,100.00
129N04329,2021-03-30 05:00:00,66.29,100.00
129N04329,2021-03-30 05:10:00,57.31,100.00
129N04329,2021-03-30 05:20:00,58.32,100.00
129N04329,2021-03-30 05:30:00,61.63,100.00
129N04329,2021-03-30 05:40:00,60.93,100.00
129N04329,2021-03-30 05:50:00,59.92,100.00
129N04329,2021-03-30 06:00:00,64.69,100.00
129N04329,2021-03-30 06:10:00,59.74,100.00
129N04329,2021-03-30 06:20:00,61.78,100.00
129N04329,2021-03-30 06:30:00,59.38,100.00
129N04329,2021-03-30 06:40:00,57.61,100.00
129N04329,2021-03-30 06:50:00,54.85,100.00
129N04329,2021-03-30 07:00:00,54.95,100.00
129N04329,2021-03-30 07:10:00,59.11,100.00
129N04329,2021-03-30 07:20:00,42.43,97.80
129N04329,2021-03-30 07:30:00,50.85,100.00
129N04329,2021-03-30 07:40:00,49.78,100.00
129N04329,2021-03-30 07:50:00,51.67,100.00
129N04329,2021-03-30 08:00:00,52.36,100.00
129N04329,2021-03-30 08:10:00,50.54,100.00
129N04329,2021-03-30 08:20:00,53.48,100.00
129N04329,2021-03-30 08:30:00,54.64,100.00
129N04329,2021-03-30 08:40:00,49.21,100.00
129N04329,2021-03-30 08:50:00,52.06,100.00
129N04329,2021-03-30 09:00:00,54.46,100.00
129N04329,2021-03-30 09:10:00,53.00,100.00
129N04329,2021-03-30 09:20:00,47.73,100.00
129N04329,2021-03-30 09:30:00,52.97,100.00
129N04329,2021-03-30 09:40:00,54.62,98.20
129N04329,2021-03-30 09:50:00,53.38,98.80
129N04329,2021-03-30 10:00:00,51.59,100.00
129N04329,2021-03-30 10:10:00,51.58,100.00
129N04329,2021-03-30 10:20:00,53.72,100.00
129N04329,2021-03-30 10:30:00,46.68,100.00
129N04329,2021-03-30 10:40:00,47.24,100.00
129N04329,2021-03-30 10:50:00,49.68,100.00
129N04329,2021-03-30 11:00:00,49.54,100.00
129N04329,2021-03-30 11:10:00,50.61,100.00
129N04329,2021-03-30 11:20:00,51.76,100.00
129N04329,2021-03-30 11:30:00,49.13,100.00
129N04329,2021-03-30 11:40:00,51.30,100.00
129N04329,2021-03-30 11:50:00,51.87,100.00
129N04329,2021-03-30 12:00:00,49.39,100.00
129N04329,2021-03-30 12:10:00,48.13,100.00
129N04329,2021-03-30 12:20:00,53.12,100.00
129N04329,2021-03-30 12:30:00,53.68,100.00
129N04329,2021-03-30 12:40:00,49.01,100.00
129N04329,2021-03-30 12:50:00,50.26,100.00
129N04329,2021-03-30 13:00:00,51.33,100.00
129N04329,2021-03-30 13:10:00,50.62,100.00
129N04329,2021-03-30 13:20:00,51.26,100.00
129N04329,2021-03-30 13:30:00,49.65,100.00
129N04329,2021-03-30 13:40:00,51.25,100.00
129N04329,2021-03-30 13:50:00,50.04,100.00
129N04329,2021-03-30 14:00:00,51.98,100.00
129N04329,2021-03-30 14:10:00,52.05,100.00
129N04329,2021-03-30 14:20:00,49.86,100.00
129N04329,2021-03-30 14:30:00,50.30,100.00
129N04329,2021-03-30 14:40:00,47.96,100.00
129N04329,2021-03-30 14:50:00,49.37,100.00
129N04329,2021-03-30 15:00:00,48.09,100.00
129N04329,2021-03-30 15:10:00,48.29,100.00
129N04329,2021-03-30 15:20:00,29.60,99.30
129N04329,2021-03-30 15:30:00,21.92,94.10
129N04329,2021-03-30 15:40:00,19.22,93.30
129N04329,2021-03-30 15:50:00,31.81,99.40
129N04329,2021-03-30 16:00:00,43.15,100.00
129N04329,2021-03-30 16:10:00,40.29,100.00
129N04329,2021-03-30 16:20:00,44.44,100.00
129N04329,2021-03-30 16:30:00,48.02,100.00
129N04329,2021-03-30 16:40:00,50.23,100.00
129N04329,2021-03-30 16:50:00,48.37,100.00
129N04329,2021-03-30 17:00:00,52.44,100.00
129N04329,2021-03-30 17:10:00,40.20,99.50
129N04329,2021-03-30 17:20:00,20.16,94.40
129N04329,2021-03-30 17:30:00,18.81,92.40
129N04329,2021-03-30 17:40:00,29.51,95.60
129N04329,2021-03-30 17:50:00,52.47,100.00
129N04329,2021-03-30 18:00:00,54.55,100.00
129N04329,2021-03-30 18:10:00,53.37,100.00
129N04329,2021-03-30 18:20:00,54.08,100.00
129N04329,2021-03-30 18:30:00,55.89,100.00
129N04329,2021-03-30 18:40:00,55.60,100.00
129N04329,2021-03-30 18:50:00,55.58,100.00
129N04329,2021-03-30 19:00:00,57.28,100.00
129N04329,2021-03-30 19:10:00,56.89,100.00
129N04329,2021-03-30 19:20:00,57.78,100.00
129N04329,2021-03-30 19:30:00,55.36,100.00
129N04329,2021-03-30 19:40:00,56.84,100.00
129N04329,2021-03-30 19:50:00,52.77,100.00
129N04329,2021-03-30 20:00:00,56.88,100.00
129N04329,2021-03-30 20:10:00,55.04,100.00
129N04329,2021-03-30 20:20:00,49.56,100.00
129N04329,2021-03-30 20:30:00,48.76,100.00
129N04329,2021-03-30 20:40:00,47.16,100.00
129N04329,2021-03-30 20:50:00,51.80,100.00
129N04329,2021-03-30 21:00:00,48.49,100.00
129N04329,2021-03-30 21:10:00,48.90,100.00
129N04329,2021-03-30 21:20:00,49.29,100.00
129N04329,2021-03-30 21:30:00,52.49,100.00
129N04329,2021-03-30 21:40:00,50.87,100.00
129N04329,2021-03-30 21:50:00,50.55,100.00
129N04329,2021-03-30 22:00:00,52.60,100.00
129N04329,2021-03-30 22:10:00,50.77,100.00
129N04329,2021-03-30 22:20:00,51.18,100.00
129N04329,2021-03-30 22:30:00,50.88,100.00
129N04329,2021-03-30 22:40:00,51.59,100.00
129N04329,2021-03-30 22:50:00,52.15,100.00
129N04329,2021-03-30 23:00:00,53.39,100.00
129N04329,2021-03-30 23:10:00,54.90,100.00
129N04329,2021-03-30 23:20:00,52.78,100.00
129N04329,2021-03-30 23:30:00,50.44,99.00
129N04329,2021-03-30 23:40:00,49.50,100.00
129N04329,2021-03-30 23:50:00,52.80,100.00
129N04338,2021-03-30 00:00:00,63.67,88.80
129N04338,2021-03-30 00:10:00,65.78,92.00
129N04338,2021-03-30 00:20:00,61.06,96.20
129N04338,2021-03-30 00:30:00,55.79,99.00
129N04338,2021-03-30 00:40:00,53.30,97.00
129N04338,2021-03-30 00:50:00,60.42,99.60
129N04338,2021-03-30 01:00:00,61.19,100.00
129N04338,2021-03-30 01:10:00,61.18,95.20
129N04338,2021-03-30 01:20:00,58.90,100.00
129N04338,2021-03-30 01:30:00,58.00,100.00
129N04338,2021-03-30 01:40:00,54.53,100.00
129N04338,2021-03-30 01:50:00,53.25,97.67
129N04338,2021-03-30 02:00:00,59.97,98.00
129N04338,2021-03-30 02:10:00,67.00,93.20
129N04338,2021-03-30 02:20:00,63.09,96.20
129N04338,2021-03-30 02:30:00,60.78,100.00
129N04338,2021-03-30 02:40:00,59.60,100.00
129N04338,2021-03-30 02:50:00,42.67,96.20
129N04338,2021-03-30 03:00:00,52.40,100.00
129N04338,2021-03-30 03:10:00,52.20,99.40
129N04338,2021-03-30 03:20:00,52.20,98.00
129N04338,2021-03-30 03:30:00,52.00,98.00
129N04338,2021-03-30 03:40:00,41.94,98.00
129N04338,2021-03-30 03:50:00,50.55,92.00
129N04338,2021-03-30 04:00:00,57.00,90.20
129N04338,2021-03-30 04:10:00,56.60,90.00
129N04338,2021-03-30 04:20:00,57.93,94.00
129N04338,2021-03-30 04:30:00,59.10,90.80
129N04338,2021-03-30 04:40:00,58.10,90.00
129N04338,2021-03-30 04:50:00,52.31,93.20
129N04338,2021-03-30 05:00:00,51.32,95.20
129N04338,2021-03-30 05:10:00,63.38,100.00
129N04338,2021-03-30 05:20:00,66.90,100.00
129N04338,2021-03-30 05:30:00,66.17,100.00
129N04338,2021-03-30 05:40:00,64.79,100.00
129N04338,2021-03-30 05:50:00,61.52,100.00
129N04338,2021-03-30 06:00:00,62.80,100.00
129N04338,2021-03-30 06:10:00,62.01,100.00
129N04338,2021-03-30 06:20:00,63.00,100.00
129N04338,2021-03-30 06:30:00,63.77,100.00
129N04338,2021-03-30 06:40:00,68.05,100.00
129N04338,2021-03-30 06:50:00,65.67,100.00
129N04338,2021-03-30 07:00:00,61.79,100.00
129N04338,2021-03-30 07:10:00,64.96,100.00
129N04338,2021-03-30 07:20:00,65.51,100.00
129N04338,2021-03-30 07:30:00,64.28,100.00
129N04338,2021-03-30 07:40:00,64.12,100.00
129N04338,2021-03-30 07:50:00,63.76,100.00
129N04338,2021-03-30 08:00:00,64.14,100.00
129N04338,2021-03-30 08:10:00,66.59,100.00
129N04338,2021-03-30 08:20:00,62.17,100.00
129N04338,2021-03-30 08:30:00,60.43,100.00
129N04338,2021-03-30 08:40:00,57.78,100.00
129N04338,2021-03-30 08:50:00,62.16,100.00
129N04338,2021-03-30 09:00:00,58.37,100.00
129N04338,2021-03-30 09:10:00,63.36,100.00
129N04338,2021-03-30 09:20:00,62.31,100.00
129N04338,2021-03-30 09:30:00,62.11,100.00
129N04338,2021-03-30 09:40:00,58.37,100.00
129N04338,2021-03-30 09:50:00,61.22,100.00
129N04338,2021-03-30 10:00:00,68.57,100.00
129N04338,2021-03-30 10:10:00,65.45,100.00
129N04338,2021-03-30 10:20:00,60.80,100.00
129N04338,2021-03-30 10:30:00,59.93,100.00
129N04338,2021-03-30 10:40:00,64.96,100.00
129N04338,2021-03-30 10:50:00,60.80,100.00
129N04338,2021-03-30 11:00:00,62.10,100.00
129N04338,2021-03-30 11:10:00,62.52,100.00
129N04338,2021-03-30 11:20:00,59.44,100.00
129N04338,2021-03-30 11:30:00,58.84,100.00
129N04338,2021-03-30 11:40:00,57.14,100.00
129N04338,2021-03-30 11:50:00,61.61,100.00
129N04338,2021-03-30 12:00:00,62.20,100.00
129N04338,2021-03-30 12:10:00,62.25,100.00
129N04338,2021-03-30 12:20:00,61.11,100.00
129N04338,2021-03-30 12:30:00,58.39,100.00
129N04338,2021-03-30 12:40:00,61.75,100.00
129N04338,2021-03-30 12:50:00,58.47,100.00
129N04338,2021-03-30 13:00:00,55.43,100.00
129N04338,2021-03-30 13:10:00,58.45,100.00
129N04338,2021-03-30 13:20:00,63.62,100.00
129N04338,2021-03-30 13:30:00,62.24,100.00
129N04338,2021-03-30 13:40:00,63.95,100.00
129N04338,2021-03-30 13:50:00,64.83,100.00
129N04338,2021-03-30 14:00:00,61.14,100.00
129N04338,2021-03-30 14:10:00,59.68,100.00
129N04338,2021-03-30 14:20:00,62.59,100.00
129N04338,2021-03-30 14:30:00,60.51,100.00
129N04338,2021-03-30 14:40:00,63.17,100.00
129N04338,2021-03-30 14:50:00,62.36,100.00
129N04338,2021-03-30 15:00:00,64.91,100.00
129N04338,2021-03-30 15:10:00,63.22,100.00
129N04338,2021-03-30 15:20:00,62.62,100.00
129N04338,2021-03-30 15:30:00,63.64,100.00
129N04338,2021-03-30 15:40:00,63.26,100.00
129N04338,2021-03-30 15:50:00,62.05,100.00
129N04338,2021-03-30 16:00:00,60.57,100.00
129N04338,2021-03-30 16:10:00,65.08,100.00
129N04338,2021-03-30 16:20:00,67.88,100.00
129N04338,2021-03-30 16:30:00,63.97,100.00
129N04338,2021-03-30 16:40:00,66.98,100.00
129N04338,2021-03-30 16:50:00,63.77,100.00
129N04338,2021-03-30 17:00:00,62.44,100.00
129N04338,2021-03-30 17:10:00,58.76,100.00
129N04338,2021-03-30 17:20:00,64.86,100.00
129N04338,2021-03-30 17:30:00,67.95,100.00
129N04338,2021-03-30 17:40:00,65.48,100.00
129N04338,2021-03-30 17:50:00,63.64,100.00
129N04338,2021-03-30 18:00:00,64.69,100.00
129N04338,2021-03-30 18:10:00,63.85,100.00
129N04338,2021-03-30 18:20:00,67.36,100.00
129N04338,2021-03-30 18:30:00,62.09,100.00
129N04338,2021-03-30 18:40:00,61.38,100.00
129N04338,2021-03-30 18:50:00,60.10,100.00
129N04338,2021-03-30 19:00:00,61.69,100.00
129N04338,2021-03-30 19:10:00,65.96,100.00
129N04338,2021-03-30 19:20:00,61.50,100.00
129N04338,2021-03-30 19:30:00,61.19,100.00
129N04338,2021-03-30 19:40:00,61.78,100.00
129N04338,2021-03-30 19:50:00,58.13,100.00
129N04338,2021-03-30 20:00:00,60.27,100.00
129N04338,2021-03-30 20:10:00,63.91,100.00
129N04338,2021-03-30 20:20:00,67.10,100.00
129N04338,2021-03-30 20:30:00,70.39,100.00
129N04338,2021-03-30 20:40:00,68.29,100.00
129N04338,2021-03-30 20:50:00,61.79,100.00
129N04338,2021-03-30 21:00:00,64.25,100.00
129N04338,2021-03-30 21:10:00,62.66,100.00
129N04338,2021-03-30 21:20:00,62.16,100.00
129N04338,2021-03-30 21:30:00,59.00,100.00
129N04338,2021-03-30 21:40:00,54.01,100.00
129N04338,2021-03-30 21:50:00,51.40,97.00
129N04338,2021-03-30 22:00:00,51.59,90.00
129N04338,2021-03-30 22:10:00,52.00,95.40
129N04338,2021-03-30 22:20:00,52.75,92.20
129N04338,2021-03-30 22:30:00,64.49,100.00
129N04338,2021-03-30 22:40:00,65.07,100.00
129N04338,2021-03-30 22:50:00,62.69,100.00
129N04338,2021-03-30 23:00:00,60.49,97.60
129N04338,2021-03-30 23:10:00,56.46,90.00
129N04338,2021-03-30 23:20:00,56.66,98.20
129N04338,2021-03-30 23:30:00,57.00,90.80
129N04338,2021-03-30 23:40:00,55.69,90.00
129N04338,2021-03-30 23:50:00,52.10,95.20
129N04336,2021-03-30 00:00:00,66.64,90.00
129N04336,2021-03-30 00:10:00,69.88,93.00
129N04336,2021-03-30 00:20:00,63.67,95.40
129N04336,2021-03-30 00:30:00,57.79,99.00
129N04336,2021-03-30 00:40:00,55.20,92.40
129N04336,2021-03-30 00:50:00,59.82,98.80
129N04336,2021-03-30 01:00:00,61.70,96.40
129N04336,2021-03-30 01:10:00,60.08,93.80
129N04336,2021-03-30 01:20:00,58.00,100.00
129N04336,2021-03-30 01:30:00,57.20,100.00
129N04336,2021-03-30 01:40:00,56.50,100.00
129N04336,2021-03-30 01:50:00,56.00,95.50
129N04336,2021-03-30 02:00:00,60.44,100.00
129N04336,2021-03-30 02:10:00,67.00,94.00
129N04336,2021-03-30 02:20:00,65.59,96.60
129N04336,2021-03-30 02:30:00,65.00,100.00
129N04336,2021-03-30 02:40:00,63.59,100.00
129N04336,2021-03-30 02:50:00,48.89,96.00
129N04336,2021-03-30 03:00:00,46.59,93.20
129N04336,2021-03-30 03:10:00,47.20,94.00
129N04336,2021-03-30 03:20:00,48.00,94.00
129N04336,2021-03-30 03:30:00,48.00,94.00
129N04336,2021-03-30 03:40:00,,
129N04336,2021-03-30 03:50:00,,
129N04336,2021-03-30 04:00:00,,
129N04336,2021-03-30 04:10:00,,
129N04336,2021-03-30 04:20:00,59.00,100.00
129N04336,2021-03-30 04:30:00,59.00,91.00
129N04336,2021-03-30 04:40:00,59.29,92.00
129N04336,2021-03-30 04:50:00,60.59,94.80
129N04336,2021-03-30 05:00:00,58.65,100.00
129N04336,2021-03-30 05:10:00,65.49,100.00
129N04336,2021-03-30 05:20:00,66.90,100.00
129N04336,2021-03-30 05:30:00,66.40,100.00
129N04336,2021-03-30 05:40:00,65.80,100.00
129N04336,2021-03-30 05:50:00,66.39,100.00
129N04336,2021-03-30 06:00:00,65.98,100.00
129N04336,2021-03-30 06:10:00,64.45,100.00
129N04336,2021-03-30 06:20:00,66.68,100.00
129N04336,2021-03-30 06:30:00,63.96,100.00
129N04336,2021-03-30 06:40:00,67.35,100.00
129N04336,2021-03-30 06:50:00,65.08,100.00
129N04336,2021-03-30 07:00:00,58.10,100.00
129N04336,2021-03-30 07:10:00,64.58,100.00
129N04336,2021-03-30 07:20:00,67.36,100.00
129N04336,2021-03-30 07:30:00,66.17,100.00
129N04336,2021-03-30 07:40:00,63.63,100.00
129N04336,2021-03-30 07:50:00,63.90,100.00
129N04336,2021-03-30 08:00:00,64.28,100.00
129N04336,2021-03-30 08:10:00,65.70,100.00
129N04336,2021-03-30 08:20:00,64.67,100.00
129N04336,2021-03-30 08:30:00,62.50,100.00
129N04336,2021-03-30 08:40:00,60.98,100.00
129N04336,2021-03-30 08:50:00,64.80,100.00
129N04336,2021-03-30 09:00:00,64.55,100.00
129N04336,2021-03-30 09:10:00,56.98,100.00
129N04336,2021-03-30 09:20:00,60.00,100.00
129N04336,2021-03-30 09:30:00,60.73,100.00
129N04336,2021-03-30 09:40:00,63.85,100.00
129N04336,2021-03-30 09:50:00,60.78,100.00
129N04336,2021-03-30 10:00:00,66.07,100.00
129N04336,2021-03-30 10:10:00,62.84,100.00
129N04336,2021-03-30 10:20:00,60.69,100.00
129N04336,2021-03-30 10:30:00,62.73,100.00
129N04336,2021-03-30 10:40:00,66.58,100.00
129N04336,2021-03-30 10:50:00,63.02,100.00
129N04336,2021-03-30 11:00:00,65.07,100.00
129N04336,2021-03-30 11:10:00,64.64,100.00
129N04336,2021-03-30 11:20:00,63.98,100.00
129N04336,2021-03-30 11:30:00,61.40,100.00
129N04336,2021-03-30 11:40:00,60.10,100.00
129N04336,2021-03-30 11:50:00,64.96,100.00
129N04336,2021-03-30 12:00:00,64.74,100.00
129N04336,2021-03-30 12:10:00,63.55,100.00
129N04336,2021-03-30 12:20:00,59.85,100.00
129N04336,2021-03-30 12:30:00,62.96,100.00
129N04336,2021-03-30 12:40:00,63.31,100.00
129N04336,2021-03-30 12:50:00,60.32,100.00
129N04336,2021-03-30 13:00:00,58.78,100.00
129N04336,2021-03-30 13:10:00,61.62,100.00
129N04336,2021-03-30 13:20:00,58.64,100.00
129N04336,2021-03-30 13:30:00,64.46,100.00
129N04336,2021-03-30 13:40:00,66.52,100.00
129N04336,2021-03-30 13:50:00,65.04,100.00
129N04336,2021-03-30 14:00:00,66.26,100.00
129N04336,2021-03-30 14:10:00,65.99,100.00
129N04336,2021-03-30 14:20:00,64.95,100.00
129N04336,2021-03-30 14:30:00,61.29,100.00
129N04336,2021-03-30 14:40:00,62.37,100.00
129N04336,2021-03-30 14:50:00,61.29,100.00
129N04336,2021-03-30 15:00:00,62.54,100.00
129N04336,2021-03-30 15:10:00,63.47,100.00
129N04336,2021-03-30 15:20:00,58.14,100.00
129N04336,2021-03-30 15:30:00,57.39,100.00
129N04336,2021-03-30 15:40:00,61.62,100.00
129N04336,2021-03-30 15:50:00,60.89,100.00
129N04336,2021-03-30 16:00:00,59.26,100.00
129N04336,2021-03-30 16:10:00,59.99,100.00
129N04336,2021-03-30 16:20:00,64.13,100.00
129N04336,2021-03-30 16:30:00,60.27,100.00
129N04336,2021-03-30 16:40:00,67.06,100.00
129N04336,2021-03-30 16:50:00,63.27,100.00
129N04336,2021-03-30 17:00:00,63.22,100.00
129N04336,2021-03-30 17:10:00,63.88,100.00
129N04336,2021-03-30 17:20:00,65.19,100.00
129N04336,2021-03-30 17:30:00,63.15,100.00
129N04336,2021-03-30 17:40:00,58.51,100.00
129N04336,2021-03-30 17:50:00,65.18,100.00
129N04336,2021-03-30 18:00:00,70.10,100.00
129N04336,2021-03-30 18:10:00,67.86,100.00
129N04336,2021-03-30 18:20:00,65.69,100.00
129N04336,2021-03-30 18:30:00,66.99,100.00
129N04336,2021-03-30 18:40:00,65.19,100.00
129N04336,2021-03-30 18:50:00,61.43,100.00
129N04336,2021-03-30 19:00:00,66.24,100.00
129N04336,2021-03-30 19:10:00,69.89,100.00
129N04336,2021-03-30 19:20:00,67.59,100.00
129N04336,2021-03-30 19:30:00,62.72,100.00
129N04336,2021-03-30 19:40:00,61.08,100.00
129N04336,2021-03-30 19:50:00,59.93,100.00
129N04336,2021-03-30 20:00:00,63.78,100.00
129N04336,2021-03-30 20:10:00,62.87,100.00
129N04336,2021-03-30 20:20:00,66.59,100.00
129N04336,2021-03-30 20:30:00,61.78,100.00
129N04336,2021-03-30 20:40:00,56.88,100.00
129N04336,2021-03-30 20:50:00,54.14,100.00
129N04336,2021-03-30 21:00:00,57.93,100.00
129N04336,2021-03-30 21:10:00,58.59,100.00
129N04336,2021-03-30 21:20:00,62.09,100.00
129N04336,2021-03-30 21:30:00,59.49,100.00
129N04336,2021-03-30 21:40:00,49.82,97.20
129N04336,2021-03-30 21:50:00,62.70,98.80
129N04336,2021-03-30 22:00:00,65.68,95.80
129N04336,2021-03-30 22:10:00,57.89,98.40
129N04336,2021-03-30 22:20:00,55.90,91.00
129N04336,2021-03-30 22:30:00,59.46,100.00
129N04336,2021-03-30 22:40:00,60.58,100.00
129N04336,2021-03-30 22:50:00,57.00,100.00
129N04336,2021-03-30 23:00:00,55.00,100.00
129N04336,2021-03-30 23:10:00,49.40,77.00
129N04336,2021-03-30 23:20:00,47.10,50.00
129N04336,2021-03-30 23:30:00,48.00,50.00
129N04336,2021-03-30 23:40:00,51.37,50.00
129N04336,2021-03-30 23:50:00,51.30,50.00
129N04337,2021-03-30 00:00:00,65.97,90.40
129N04337,2021-03-30 00:10:00,68.94,93.00
129N04337,2021-03-30 00:20:00,61.84,96.00
129N04337,2021-03-30 00:30:00,56.69,99.00
129N04337,2021-03-30 00:40:00,54.00,92.80
129N04337,2021-03-30 00:50:00,59.99,98.20
129N04337,2021-03-30 01:00:00,62.10,94.00
129N04337,2021-03-30 01:10:00,60.17,93.80
129N04337,2021-03-30 01:20:00,57.90,100.00
129N04337,2021-03-30 01:30:00,57.00,100.00
129N04337,2021-03-30 01:40:00,56.40,100.00
129N04337,2021-03-30 01:50:00,56.19,100.00
129N04337,2021-03-30 02:00:00,60.21,100.00
129N04337,2021-03-30 02:10:00,67.00,94.00
129N04337,2021-03-30 02:20:00,65.59,96.00
129N04337,2021-03-30 02:30:00,63.79,100.00
129N04337,2021-03-30 02:40:00,62.90,100.00
129N04337,2021-03-30 02:50:00,47.98,97.80
129N04337,2021-03-30 03:00:00,52.00,98.80
129N04337,2021-03-30 03:10:00,52.20,100.00
129N04337,2021-03-30 03:20:00,53.30,94.00
129N04337,2021-03-30 03:30:00,53.00,94.00
129N04337,2021-03-30 03:40:00,46.61,80.33
129N04337,2021-03-30 03:50:00,49.04,37.00
129N04337,2021-03-30 04:00:00,51.90,37.00
129N04337,2021-03-30 04:10:00,52.00,37.00
129N04337,2021-03-30 04:20:00,55.28,68.50
129N04337,2021-03-30 04:30:00,59.00,91.00
129N04337,2021-03-30 04:40:00,57.31,91.20
129N04337,2021-03-30 04:50:00,51.69,94.80
129N04337,2021-03-30 05:00:00,54.11,97.60
129N04337,2021-03-30 05:10:00,64.07,100.00
129N04337,2021-03-30 05:20:00,66.00,100.00
129N04337,2021-03-30 05:30:00,63.82,100.00
129N04337,2021-03-30 05:40:00,62.50,100.00
129N04337,2021-03-30 05:50:00,63.62,100.00
129N04337,2021-03-30 06:00:00,64.47,100.00
129N04337,2021-03-30 06:10:00,63.62,100.00
129N04337,2021-03-30 06:20:00,63.29,100.00
129N04337,2021-03-30 06:30:00,63.57,100.00
129N04337,2021-03-30 06:40:00,67.15,100.00
129N04337,2021-03-30 06:50:00,63.88,100.00
129N04337,2021-03-30 07:00:00,60.98,100.00
129N04337,2021-03-30 07:10:00,65.00,100.00
129N04337,2021-03-30 07:20:00,66.63,100.00
129N04337,2021-03-30 07:30:00,65.19,100.00
129N04337,2021-03-30 07:40:00,61.88,100.00
129N04337,2021-03-30 07:50:00,64.08,100.00
129N04337,2021-03-30 08:00:00,62.96,100.00
129N04337,2021-03-30 08:10:00,62.97,100.00
129N04337,2021-03-30 08:20:00,62.46,100.00
129N04337,2021-03-30 08:30:00,61.45,100.00
129N04337,2021-03-30 08:40:00,57.13,100.00
129N04337,2021-03-30 08:50:00,63.37,100.00
129N04337,2021-03-30 09:00:00,58.82,100.00
129N04337,2021-03-30 09:10:00,60.57,100.00
129N04337,2021-03-30 09:20:00,63.00,100.00
129N04337,2021-03-30 09:30:00,64.44,100.00
129N04337,2021-03-30 09:40:00,61.25,100.00
129N04337,2021-03-30 09:50:00,61.20,100.00
129N04337,2021-03-30 10:00:00,66.64,100.00
129N04337,2021-03-30 10:10:00,66.01,100.00
129N04337,2021-03-30 10:20:00,59.17,100.00
129N04337,2021-03-30 10:30:00,58.77,100.00
129N04337,2021-03-30 10:40:00,60.22,100.00
129N04337,2021-03-30 10:50:00,60.26,100.00
129N04337,2021-03-30 11:00:00,64.98,100.00
129N04337,2021-03-30 11:10:00,64.33,100.00
129N04337,2021-03-30 11:20:00,63.11,100.00
129N04337,2021-03-30 11:30:00,61.41,100.00
129N04337,2021-03-30 11:40:00,57.34,100.00
129N04337,2021-03-30 11:50:00,59.06,100.00
129N04337,2021-03-30 12:00:00,61.65,100.00
129N04337,2021-03-30 12:10:00,62.39,100.00
129N04337,2021-03-30 12:20:00,64.59,100.00
129N04337,2021-03-30 12:30:00,62.50,100.00
129N04337,2021-03-30 12:40:00,62.19,100.00
129N04337,2021-03-30 12:50:00,60.87,100.00
129N04337,2021-03-30 13:00:00,54.93,100.00
129N04337,2021-03-30 13:10:00,58.57,100.00
129N04337,2021-03-30 13:20:00,61.70,100.00
129N04337,2021-03-30 13:30:00,63.77,100.00
129N04337,2021-03-30 13:40:00,67.45,100.00
129N04337,2021-03-30 13:50:00,64.17,100.00
129N04337,2021-03-30 14:00:00,60.45,100.00
129N04337,2021-03-30 14:10:00,61.24,100.00
129N04337,2021-03-30 14:20:00,60.27,100.00
129N04337,2021-03-30 14:30:00,60.39,100.00
129N04337,2021-03-30 14:40:00,62.77,100.00
129N04337,2021-03-30 14:50:00,63.21,100.00
129N04337,2021-03-30 15:00:00,62.33,100.00
129N04337,2021-03-30 15:10:00,62.02,100.00
129N04337,2021-03-30 15:20:00,61.00,100.00
129N04337,2021-03-30 15:30:00,62.75,100.00
129N04337,2021-03-30 15:40:00,63.21,100.00
129N04337,2021-03-30 15:50:00,61.76,100.00
129N04337,2021-03-30 16:00:00,59.22,100.00
129N04337,2021-03-30 16:10:00,62.22,100.00
129N04337,2021-03-30 16:20:00,66.15,100.00
129N04337,2021-03-30 16:30:00,63.48,100.00
129N04337,2021-03-30 16:40:00,66.40,100.00
129N04337,2021-03-30 16:50:00,66.19,100.00
129N04337,2021-03-30 17:00:00,62.58,100.00
129N04337,2021-03-30 17:10:00,57.54,100.00
129N04337,2021-03-30 17:20:00,62.46,100.00
129N04337,2021-03-30 17:30:00,59.88,100.00
129N04337,2021-03-30 17:40:00,60.44,100.00
129N04337,2021-03-30 17:50:00,63.37,100.00
129N04337,2021-03-30 18:00:00,62.61,100.00
129N04337,2021-03-30 18:10:00,58.95,100.00
129N04337,2021-03-30 18:20:00,67.49,100.00
129N04337,2021-03-30 18:30:00,63.08,100.00
129N04337,2021-03-30 18:40:00,62.50,100.00
129N04337,2021-03-30 18:50:00,61.35,100.00
129N04337,2021-03-30 19:00:00,61.78,100.00
129N04337,2021-03-30 19:10:00,62.13,100.00
129N04337,2021-03-30 19:20:00,62.00,100.00
129N04337,2021-03-30 19:30:00,61.49,100.00
129N04337,2021-03-30 19:40:00,61.59,100.00
129N04337,2021-03-30 19:50:00,59.61,100.00
129N04337,2021-03-30 20:00:00,63.00,100.00
129N04337,2021-03-30 20:10:00,63.87,100.00
129N04337,2021-03-30 20:20:00,67.29,100.00
129N04337,2021-03-30 20:30:00,68.80,100.00
129N04337,2021-03-30 20:40:00,66.67,100.00
129N04337,2021-03-30 20:50:00,61.31,97.00
129N04337,2021-03-30 21:00:00,60.90,100.00
129N04337,2021-03-30 21:10:00,61.84,100.00
129N04337,2021-03-30 21:20:00,60.38,100.00
129N04337,2021-03-30 21:30:00,57.00,100.00
129N04337,2021-03-30 21:40:00,55.03,100.00
129N04337,2021-03-30 21:50:00,56.69,98.80
129N04337,2021-03-30 22:00:00,56.30,96.00
129N04337,2021-03-30 22:10:00,59.39,92.00
129N04337,2021-03-30 22:20:00,57.58,91.40
129N04337,2021-03-30 22:30:00,62.69,100.00
129N04337,2021-03-30 22:40:00,62.00,100.00
129N04337,2021-03-30 22:50:00,61.19,100.00
129N04337,2021-03-30 23:00:00,57.59,93.20
129N04337,2021-03-30 23:10:00,54.69,90.00
129N04337,2021-03-30 23:20:00,53.20,93.20
129N04337,2021-03-30 23:30:00,52.20,48.00
129N04337,2021-03-30 23:40:00,51.49,37.00
129N04337,2021-03-30 23:50:00,52.55,60.20
129N04334,2021-03-30 00:00:00,64.16,90.00
129N04334,2021-03-30 00:10:00,64.00,94.00
129N04334,2021-03-30 00:20:00,68.18,95.00
129N04334,2021-03-30 00:30:00,59.90,100.00
129N04334,2021-03-30 00:40:00,57.88,94.00
129N04334,2021-03-30 00:50:00,58.68,100.00
129N04334,2021-03-30 01:00:00,63.00,100.00
129N04334,2021-03-30 01:10:00,63.00,100.00
129N04334,2021-03-30 01:20:00,63.19,100.00
129N04334,2021-03-30 01:30:00,63.00,100.00
129N04334,2021-03-30 01:40:00,61.10,100.00
129N04334,2021-03-30 01:50:00,61.00,100.00
129N04334,2021-03-30 02:00:00,61.00,100.00
129N04334,2021-03-30 02:10:00,65.00,97.78
129N04334,2021-03-30 02:20:00,65.58,92.00
129N04334,2021-03-30 02:30:00,68.09,100.00
129N04334,2021-03-30 02:40:00,67.10,100.00
129N04334,2021-03-30 02:50:00,65.79,100.00
129N04334,2021-03-30 03:00:00,62.98,98.00
129N04334,2021-03-30 03:10:00,56.00,90.00
129N04334,2021-03-30 03:20:00,56.00,90.00
129N04334,2021-03-30 03:30:00,56.00,90.00
129N04334,2021-03-30 03:40:00,,
129N04334,2021-03-30 03:50:00,,
129N04334,2021-03-30 04:00:00,,
129N04334,2021-03-30 04:10:00,,
129N04334,2021-03-30 04:20:00,,
129N04334,2021-03-30 04:30:00,65.69,100.00
129N04334,2021-03-30 04:40:00,66.00,100.00
129N04334,2021-03-30 04:50:00,66.89,100.00
129N04334,2021-03-30 05:00:00,65.60,91.00
129N04334,2021-03-30 05:10:00,71.27,100.00
129N04334,2021-03-30 05:20:00,67.15,100.00
129N04334,2021-03-30 05:30:00,69.00,100.00
129N04334,2021-03-30 05:40:00,68.69,100.00
129N04334,2021-03-30 05:50:00,67.76,100.00
129N04334,2021-03-30 06:00:00,68.27,100.00
129N04334,2021-03-30 06:10:00,63.89,100.00
129N04334,2021-03-30 06:20:00,65.03,100.00
129N04334,2021-03-30 06:30:00,66.39,100.00
129N04334,2021-03-30 06:40:00,69.57,100.00
129N04334,2021-03-30 06:50:00,69.83,100.00
129N04334,2021-03-30 07:00:00,62.61,100.00
129N04334,2021-03-30 07:10:00,64.93,100.00
129N04334,2021-03-30 07:20:00,69.52,100.00
129N04334,2021-03-30 07:30:00,69.05,100.00
129N04334,2021-03-30 07:40:00,67.07,100.00
129N04334,2021-03-30 07:50:00,69.24,100.00
129N04334,2021-03-30 08:00:00,68.63,100.00
129N04334,2021-03-30 08:10:00,67.26,100.00
129N04334,2021-03-30 08:20:00,65.07,100.00
129N04334,2021-03-30 08:30:00,63.21,100.00
129N04334,2021-03-30 08:40:00,65.64,100.00
129N04334,2021-03-30 08:50:00,67.86,100.00
129N04334,2021-03-30 09:00:00,64.85,100.00
129N04334,2021-03-30 09:10:00,65.40,100.00
129N04334,2021-03-30 09:20:00,65.74,100.00
129N04334,2021-03-30 09:30:00,66.96,100.00
129N04334,2021-03-30 09:40:00,68.14,100.00
129N04334,2021-03-30 09:50:00,64.68,100.00
129N04334,2021-03-30 10:00:00,61.17,100.00
129N04334,2021-03-30 10:10:00,68.46,100.00
129N04334,2021-03-30 10:20:00,66.09,100.00
129N04334,2021-03-30 10:30:00,64.86,100.00
129N04334,2021-03-30 10:40:00,63.65,100.00
129N04334,2021-03-30 10:50:00,66.58,100.00
129N04334,2021-03-30 11:00:00,67.74,100.00
129N04334,2021-03-30 11:10:00,63.49,100.00
129N04334,2021-03-30 11:20:00,67.30,100.00
129N04334,2021-03-30 11:30:00,68.09,100.00
129N04334,2021-03-30 11:40:00,63.98,100.00
129N04334,2021-03-30 11:50:00,61.92,100.00
129N04334,2021-03-30 12:00:00,67.56,100.00
129N04334,2021-03-30 12:10:00,65.52,100.00
129N04334,2021-03-30 12:20:00,68.18,100.00
129N04334,2021-03-30 12:30:00,69.92,100.00
129N04334,2021-03-30 12:40:00,66.40,100.00
129N04334,2021-03-30 12:50:00,67.35,100.00
129N04334,2021-03-30 13:00:00,67.38,100.00
129N04334,2021-03-30 13:10:00,65.79,100.00
129N04334,2021-03-30 13:20:00,63.99,100.00
129N04334,2021-03-30 13:30:00,67.74,100.00
129N04334,2021-03-30 13:40:00,65.94,100.00
129N04334,2021-03-30 13:50:00,63.86,100.00
129N04334,2021-03-30 14:00:00,66.67,100.00
129N04334,2021-03-30 14:10:00,66.48,100.00
129N04334,2021-03-30 14:20:00,65.89,100.00
129N04334,2021-03-30 14:30:00,67.19,100.00
129N04334,2021-03-30 14:40:00,64.08,100.00
129N04334,2021-03-30 14:50:00,63.88,100.00
129N04334,2021-03-30 15:00:00,64.79,100.00
129N04334,2021-03-30 15:10:00,66.61,100.00
129N04334,2021-03-30 15:20:00,65.37,100.00
129N04334,2021-03-30 15:30:00,67.35,100.00
129N04334,2021-03-30 15:40:00,64.06,100.00
129N04334,2021-03-30 15:50:00,65.42,100.00
129N04334,2021-03-30 16:00:00,64.77,100.00
129N04334,2021-03-30 16:10:00,64.66,100.00
129N04334,2021-03-30 16:20:00,66.98,100.00
129N04334,2021-03-30 16:30:00,68.38,100.00
129N04334,2021-03-30 16:40:00,69.08,100.00
129N04334,2021-03-30 16:50:00,70.17,100.00
129N04334,2021-03-30 17:00:00,66.50,100.00
129N04334,2021-03-30 17:10:00,67.58,100.00
129N04334,2021-03-30 17:20:00,68.38,100.00
129N04334,2021-03-30 17:30:00,67.79,100.00
129N04334,2021-03-30 17:40:00,67.59,100.00
129N04334,2021-03-30 17:50:00,70.68,100.00
129N04334,2021-03-30 18:00:00,69.85,100.00
129N04334,2021-03-30 18:10:00,69.68,100.00
129N04334,2021-03-30 18:20:00,68.79,100.00
129N04334,2021-03-30 18:30:00,66.78,100.00
129N04334,2021-03-30 18:40:00,63.29,100.00
129N04334,2021-03-30 18:50:00,65.20,100.00
129N04334,2021-03-30 19:00:00,68.72,100.00
129N04334,2021-03-30 19:10:00,66.59,100.00
129N04334,2021-03-30 19:20:00,65.68,100.00
129N04334,2021-03-30 19:30:00,64.33,100.00
129N04334,2021-03-30 19:40:00,60.50,100.00
129N04334,2021-03-30 19:50:00,61.29,100.00
129N04334,2021-03-30 20:00:00,64.95,100.00
129N04334,2021-03-30 20:10:00,67.89,100.00
129N04334,2021-03-30 20:20:00,66.90,100.00
129N04334,2021-03-30 20:30:00,64.91,100.00
129N04334,2021-03-30 20:40:00,59.78,100.00
129N04334,2021-03-30 20:50:00,58.20,100.00
129N04334,2021-03-30 21:00:00,59.69,100.00
129N04334,2021-03-30 21:10:00,59.99,100.00
129N04334,2021-03-30 21:20:00,57.70,100.00
129N04334,2021-03-30 21:30:00,56.10,100.00
129N04334,2021-03-30 21:40:00,57.19,100.00
129N04334,2021-03-30 21:50:00,61.41,100.00
129N04334,2021-03-30 22:00:00,63.00,100.00
129N04334,2021-03-30 22:10:00,63.00,98.00
129N04334,2021-03-30 22:20:00,61.39,94.00
129N04334,2021-03-30 22:30:00,61.76,96.00
129N04334,2021-03-30 22:40:00,63.00,100.00
129N04334,2021-03-30 22:50:00,65.07,100.00
129N04334,2021-03-30 23:00:00,65.30,100.00
129N04334,2021-03-30 23:10:00,65.79,100.00
129N04334,2021-03-30 23:20:00,65.90,95.00
129N04334,2021-03-30 23:30:00,64.18,90.00
129N04334,2021-03-30 23:40:00,62.10,90.00
129N04334,2021-03-30 23:50:00,62.00,90.00
129N04335,2021-03-30 00:00:00,70.39,90.00
129N04335,2021-03-30 00:10:00,67.99,95.00
129N04335,2021-03-30 00:20:00,64.37,97.00
129N04335,2021-03-30 00:30:00,58.00,100.00
129N04335,2021-03-30 00:40:00,56.26,95.00
129N04335,2021-03-30 00:50:00,57.11,98.00
129N04335,2021-03-30 01:00:00,60.78,100.00
129N04335,2021-03-30 01:10:00,60.79,95.00
129N04335,2021-03-30 01:20:00,60.87,100.00
129N04335,2021-03-30 01:30:00,60.00,100.00
129N04335,2021-03-30 01:40:00,59.60,100.00
129N04335,2021-03-30 01:50:00,59.00,100.00
129N04335,2021-03-30 02:00:00,61.85,100.00
129N04335,2021-03-30 02:10:00,67.00,96.00
129N04335,2021-03-30 02:20:00,67.00,93.00
129N04335,2021-03-30 02:30:00,67.00,100.00
129N04335,2021-03-30 02:40:00,67.00,100.00
129N04335,2021-03-30 02:50:00,65.39,100.00
129N04335,2021-03-30 03:00:00,65.00,100.00
129N04335,2021-03-30 03:10:00,,
129N04335,2021-03-30 03:20:00,,
129N04335,2021-03-30 03:30:00,,
129N04335,2021-03-30 03:40:00,,
129N04335,2021-03-30 03:50:00,,
129N04335,2021-03-30 04:00:00,,
129N04335,2021-03-30 04:10:00,,
129N04335,2021-03-30 04:20:00,62.00,90.00
129N04335,2021-03-30 04:30:00,62.90,90.00
129N04335,2021-03-30 04:40:00,63.59,90.00
129N04335,2021-03-30 04:50:00,62.90,90.00
129N04335,2021-03-30 05:00:00,63.69,91.00
129N04335,2021-03-30 05:10:00,65.45,100.00
129N04335,2021-03-30 05:20:00,66.56,100.00
129N04335,2021-03-30 05:30:00,63.19,100.00
129N04335,2021-03-30 05:40:00,63.60,100.00
129N04335,2021-03-30 05:50:00,67.77,100.00
129N04335,2021-03-30 06:00:00,66.59,100.00
129N04335,2021-03-30 06:10:00,65.18,100.00
129N04335,2021-03-30 06:20:00,66.18,100.00
129N04335,2021-03-30 06:30:00,66.17,100.00
129N04335,2021-03-30 06:40:00,69.56,100.00
129N04335,2021-03-30 06:50:00,73.28,100.00
129N04335,2021-03-30 07:00:00,61.77,100.00
129N04335,2021-03-30 07:10:00,64.35,100.00
129N04335,2021-03-30 07:20:00,70.60,100.00
129N04335,2021-03-30 07:30:00,66.12,100.00
129N04335,2021-03-30 07:40:00,66.33,100.00
129N04335,2021-03-30 07:50:00,64.68,100.00
129N04335,2021-03-30 08:00:00,67.91,100.00
129N04335,2021-03-30 08:10:00,66.30,100.00
129N04335,2021-03-30 08:20:00,66.24,100.00
129N04335,2021-03-30 08:30:00,66.06,100.00
129N04335,2021-03-30 08:40:00,64.75,100.00
129N04335,2021-03-30 08:50:00,64.69,100.00
129N04335,2021-03-30 09:00:00,62.65,100.00
129N04335,2021-03-30 09:10:00,65.75,100.00
129N04335,2021-03-30 09:20:00,67.78,100.00
129N04335,2021-03-30 09:30:00,67.63,100.00
129N04335,2021-03-30 09:40:00,65.88,100.00
129N04335,2021-03-30 09:50:00,63.66,100.00
129N04335,2021-03-30 10:00:00,68.05,100.00
129N04335,2021-03-30 10:10:00,67.44,100.00
129N04335,2021-03-30 10:20:00,64.89,100.00
129N04335,2021-03-30 10:30:00,65.53,100.00
129N04335,2021-03-30 10:40:00,65.28,100.00
129N04335,2021-03-30 10:50:00,65.94,100.00
129N04335,2021-03-30 11:00:00,67.32,100.00
129N04335,2021-03-30 11:10:00,66.24,100.00
129N04335,2021-03-30 11:20:00,67.84,100.00
129N04335,2021-03-30 11:30:00,66.43,100.00
129N04335,2021-03-30 11:40:00,64.79,100.00
129N04335,2021-03-30 11:50:00,65.28,100.00
129N04335,2021-03-30 12:00:00,68.05,100.00
129N04335,2021-03-30 12:10:00,67.73,100.00
129N04335,2021-03-30 12:20:00,67.81,100.00
129N04335,2021-03-30 12:30:00,70.34,100.00
129N04335,2021-03-30 12:40:00,66.76,100.00
129N04335,2021-03-30 12:50:00,67.65,100.00
129N04335,2021-03-30 13:00:00,68.16,100.00
129N04335,2021-03-30 13:10:00,69.07,100.00
129N04335,2021-03-30 13:20:00,63.37,100.00
129N04335,2021-03-30 13:30:00,63.14,100.00
129N04335,2021-03-30 13:40:00,66.25,100.00
129N04335,2021-03-30 13:50:00,64.43,100.00
129N04335,2021-03-30 14:00:00,66.78,100.00
129N04335,2021-03-30 14:10:00,66.38,100.00
129N04335,2021-03-30 14:20:00,63.76,100.00
129N04335,2021-03-30 14:30:00,65.67,100.00
129N04335,2021-03-30 14:40:00,61.86,100.00
129N04335,2021-03-30 14:50:00,59.40,100.00
129N04335,2021-03-30 15:00:00,63.87,100.00
129N04335,2021-03-30 15:10:00,66.35,100.00
129N04335,2021-03-30 15:20:00,67.12,100.00
129N04335,2021-03-30 15:30:00,66.12,100.00
129N04335,2021-03-30 15:40:00,64.34,100.00
129N04335,2021-03-30 15:50:00,64.61,100.00
129N04335,2021-03-30 16:00:00,59.07,100.00
129N04335,2021-03-30 16:10:00,65.84,100.00
129N04335,2021-03-30 16:20:00,69.37,100.00
129N04335,2021-03-30 16:30:00,68.58,100.00
129N04335,2021-03-30 16:40:00,70.68,100.00
129N04335,2021-03-30 16:50:00,67.48,100.00
129N04335,2021-03-30 17:00:00,66.67,100.00
129N04335,2021-03-30 17:10:00,68.26,100.00
129N04335,2021-03-30 17:20:00,66.09,100.00
129N04335,2021-03-30 17:30:00,67.34,100.00
129N04335,2021-03-30 17:40:00,66.98,100.00
129N04335,2021-03-30 17:50:00,67.27,100.00
129N04335,2021-03-30 18:00:00,69.27,100.00
129N04335,2021-03-30 18:10:00,70.09,100.00
129N04335,2021-03-30 18:20:00,69.89,100.00
129N04335,2021-03-30 18:30:00,67.12,100.00
129N04335,2021-03-30 18:40:00,65.70,100.00
129N04335,2021-03-30 18:50:00,64.18,100.00
129N04335,2021-03-30 19:00:00,67.62,100.00
129N04335,2021-03-30 19:10:00,68.78,100.00
129N04335,2021-03-30 19:20:00,67.28,100.00
129N04335,2021-03-30 19:30:00,67.13,100.00
129N04335,2021-03-30 19:40:00,62.80,100.00
129N04335,2021-03-30 19:50:00,64.08,100.00
129N04335,2021-03-30 20:00:00,65.47,100.00
129N04335,2021-03-30 20:10:00,62.90,100.00
129N04335,2021-03-30 20:20:00,64.17,100.00
129N04335,2021-03-30 20:30:00,65.10,100.00
129N04335,2021-03-30 20:40:00,63.39,100.00
129N04335,2021-03-30 20:50:00,63.10,100.00
129N04335,2021-03-30 21:00:00,62.69,100.00
129N04335,2021-03-30 21:10:00,62.79,100.00
129N04335,2021-03-30 21:20:00,59.98,100.00
129N04335,2021-03-30 21:30:00,58.00,100.00
129N04335,2021-03-30 21:40:00,53.45,98.00
129N04335,2021-03-30 21:50:00,59.44,98.00
129N04335,2021-03-30 22:00:00,62.78,84.00
129N04335,2021-03-30 22:10:00,63.79,90.00
129N04335,2021-03-30 22:20:00,61.19,93.00
129N04335,2021-03-30 22:30:00,61.26,98.00
129N04335,2021-03-30 22:40:00,62.00,100.00
129N04335,2021-03-30 22:50:00,65.89,100.00
129N04335,2021-03-30 23:00:00,65.89,100.00
129N04335,2021-03-30 23:10:00,67.31,100.00
129N04335,2021-03-30 23:20:00,69.00,94.00
129N04335,2021-03-30 23:30:00,67.49,90.00
129N04335,2021-03-30 23:40:00,65.10,90.00
129N04335,2021-03-30 23:50:00,64.35,90.00
129N04332,2021-03-30 00:00:00,67.35,100.00
129N04332,2021-03-30 00:10:00,62.34,100.00
129N04332,2021-03-30 00:20:00,60.00,100.00
129N04332,2021-03-30 00:30:00,54.23,96.00
129N04332,2021-03-30 00:40:00,53.00,90.00
129N04332,2021-03-30 00:50:00,55.54,97.00
129N04332,2021-03-30 01:00:00,63.00,100.00
129N04332,2021-03-30 01:10:00,63.00,100.00
129N04332,2021-03-30 01:20:00,62.50,100.00
129N04332,2021-03-30 01:30:00,62.00,100.00
129N04332,2021-03-30 01:40:00,62.00,100.00
129N04332,2021-03-30 01:50:00,57.00,100.00
129N04332,2021-03-30 02:00:00,57.00,92.00
129N04332,2021-03-30 02:10:00,61.54,96.00
129N04332,2021-03-30 02:20:00,66.79,92.00
129N04332,2021-03-30 02:30:00,68.59,100.00
129N04332,2021-03-30 02:40:00,66.29,100.00
129N04332,2021-03-30 02:50:00,65.09,100.00
129N04332,2021-03-30 03:00:00,63.27,98.00
129N04332,2021-03-30 03:10:00,60.00,90.00
129N04332,2021-03-30 03:20:00,55.31,86.00
129N04332,2021-03-30 03:30:00,55.00,70.00
129N04332,2021-03-30 03:40:00,55.00,70.00
129N04332,2021-03-30 03:50:00,,
129N04332,2021-03-30 04:00:00,,
129N04332,2021-03-30 04:10:00,,
129N04332,2021-03-30 04:20:00,,
129N04332,2021-03-30 04:30:00,65.61,100.00
129N04332,2021-03-30 04:40:00,67.70,100.00
129N04332,2021-03-30 04:50:00,67.00,99.00
129N04332,2021-03-30 05:00:00,65.07,90.00
129N04332,2021-03-30 05:10:00,51.24,92.00
129N04332,2021-03-30 05:20:00,64.95,100.00
129N04332,2021-03-30 05:30:00,68.79,100.00
129N04332,2021-03-30 05:40:00,69.96,100.00
129N04332,2021-03-30 05:50:00,67.97,100.00
129N04332,2021-03-30 06:00:00,67.54,100.00
129N04332,2021-03-30 06:10:00,64.35,100.00
129N04332,2021-03-30 06:20:00,69.46,100.00
129N04332,2021-03-30 06:30:00,66.66,100.00
129N04332,2021-03-30 06:40:00,68.97,100.00
129N04332,2021-03-30 06:50:00,70.70,100.00
129N04332,2021-03-30 07:00:00,68.20,100.00
129N04332,2021-03-30 07:10:00,65.56,100.00
129N04332,2021-03-30 07:20:00,70.42,100.00
129N04332,2021-03-30 07:30:00,69.59,100.00
129N04332,2021-03-30 07:40:00,65.52,100.00
129N04332,2021-03-30 07:50:00,61.60,100.00
129N04332,2021-03-30 08:00:00,64.66,100.00
129N04332,2021-03-30 08:10:00,58.95,100.00
129N04332,2021-03-30 08:20:00,63.96,100.00
129N04332,2021-03-30 08:30:00,67.12,100.00
129N04332,2021-03-30 08:40:00,65.65,100.00
129N04332,2021-03-30 08:50:00,65.43,100.00
129N04332,2021-03-30 09:00:00,64.28,100.00
129N04332,2021-03-30 09:10:00,63.26,100.00
129N04332,2021-03-30 09:20:00,65.69,100.00
129N04332,2021-03-30 09:30:00,64.86,100.00
129N04332,2021-03-30 09:40:00,64.66,100.00
129N04332,2021-03-30 09:50:00,65.87,100.00
129N04332,2021-03-30 10:00:00,65.98,100.00
129N04332,2021-03-30 10:10:00,67.66,100.00
129N04332,2021-03-30 10:20:00,66.48,100.00
129N04332,2021-03-30 10:30:00,62.73,100.00
129N04332,2021-03-30 10:40:00,66.34,100.00
129N04332,2021-03-30 10:50:00,66.03,100.00
129N04332,2021-03-30 11:00:00,67.75,100.00
129N04332,2021-03-30 11:10:00,65.53,100.00
129N04332,2021-03-30 11:20:00,67.61,100.00
129N04332,2021-03-30 11:30:00,62.18,100.00
129N04332,2021-03-30 11:40:00,62.33,100.00
129N04332,2021-03-30 11:50:00,59.51,100.00
129N04332,2021-03-30 12:00:00,62.49,100.00
129N04332,2021-03-30 12:10:00,64.92,100.00
129N04332,2021-03-30 12:20:00,68.38,100.00
129N04332,2021-03-30 12:30:00,64.84,100.00
129N04332,2021-03-30 12:40:00,66.10,100.00
129N04332,2021-03-30 12:50:00,67.99,100.00
129N04332,2021-03-30 13:00:00,69.46,100.00
129N04332,2021-03-30 13:10:00,63.50,100.00
129N04332,2021-03-30 13:20:00,62.98,100.00
129N04332,2021-03-30 13:30:00,66.76,100.00
129N04332,2021-03-30 13:40:00,62.46,100.00
129N04332,2021-03-30 13:50:00,67.06,100.00
129N04332,2021-03-30 14:00:00,61.32,100.00
129N04332,2021-03-30 14:10:00,66.86,100.00
129N04332,2021-03-30 14:20:00,63.75,100.00
129N04332,2021-03-30 14:30:00,66.76,100.00
129N04332,2021-03-30 14:40:00,65.18,100.00
129N04332,2021-03-30 14:50:00,62.11,100.00
129N04332,2021-03-30 15:00:00,61.75,100.00
129N04332,2021-03-30 15:10:00,65.50,100.00
129N04332,2021-03-30 15:20:00,64.11,100.00
129N04332,2021-03-30 15:30:00,65.24,100.00
129N04332,2021-03-30 15:40:00,63.11,100.00
129N04332,2021-03-30 15:50:00,65.10,100.00
129N04332,2021-03-30 16:00:00,65.25,100.00
129N04332,2021-03-30 16:10:00,67.14,100.00
129N04332,2021-03-30 16:20:00,66.97,100.00
129N04332,2021-03-30 16:30:00,65.13,100.00
129N04332,2021-03-30 16:40:00,66.12,100.00
129N04332,2021-03-30 16:50:00,64.94,100.00
129N04332,2021-03-30 17:00:00,64.48,100.00
129N04332,2021-03-30 17:10:00,63.69,100.00
129N04332,2021-03-30 17:20:00,66.48,100.00
129N04332,2021-03-30 17:30:00,64.81,100.00
129N04332,2021-03-30 17:40:00,62.49,100.00
129N04332,2021-03-30 17:50:00,65.80,100.00
129N04332,2021-03-30 18:00:00,66.09,100.00
129N04332,2021-03-30 18:10:00,62.69,100.00
129N04332,2021-03-30 18:20:00,60.75,100.00
129N04332,2021-03-30 18:30:00,65.33,100.00
129N04332,2021-03-30 18:40:00,65.78,100.00
129N04332,2021-03-30 18:50:00,61.68,100.00
129N04332,2021-03-30 19:00:00,63.85,100.00
129N04332,2021-03-30 19:10:00,68.45,100.00
129N04332,2021-03-30 19:20:00,71.00,100.00
129N04332,2021-03-30 19:30:00,67.95,100.00
129N04332,2021-03-30 19:40:00,61.08,100.00
129N04332,2021-03-30 19:50:00,62.54,100.00
129N04332,2021-03-30 20:00:00,65.00,100.00
129N04332,2021-03-30 20:10:00,68.89,100.00
129N04332,2021-03-30 20:20:00,68.27,100.00
129N04332,2021-03-30 20:30:00,65.90,100.00
129N04332,2021-03-30 20:40:00,65.30,100.00
129N04332,2021-03-30 20:50:00,60.02,100.00
129N04332,2021-03-30 21:00:00,60.60,100.00
129N04332,2021-03-30 21:10:00,61.12,100.00
129N04332,2021-03-30 21:20:00,60.08,100.00
129N04332,2021-03-30 21:30:00,59.08,100.00
129N04332,2021-03-30 21:40:00,57.89,100.00
129N04332,2021-03-30 21:50:00,55.00,100.00
129N04332,2021-03-30 22:00:00,54.30,100.00
129N04332,2021-03-30 22:10:00,54.00,92.00
129N04332,2021-03-30 22:20:00,54.00,90.00
129N04332,2021-03-30 22:30:00,55.93,95.00
129N04332,2021-03-30 22:40:00,58.00,100.00
129N04332,2021-03-30 22:50:00,59.94,100.00
129N04332,2021-03-30 23:00:00,65.00,97.00
129N04332,2021-03-30 23:10:00,65.55,91.00
129N04332,2021-03-30 23:20:00,71.00,98.00
129N04332,2021-03-30 23:30:00,70.59,90.00
129N04332,2021-03-30 23:40:00,67.26,90.00
129N04332,2021-03-30 23:50:00,65.00,90.00
129N04333,2021-03-30 00:00:00,64.95,100.00
129N04333,2021-03-30 00:10:00,62.20,100.00
129N04333,2021-03-30 00:20:00,62.47,100.00
129N04333,2021-03-30 00:30:00,58.00,95.00
129N04333,2021-03-30 00:40:00,58.00,90.00
129N04333,2021-03-30 00:50:00,59.28,98.00
129N04333,2021-03-30 01:00:00,65.00,100.00
129N04333,2021-03-30 01:10:00,64.79,100.00
129N04333,2021-03-30 01:20:00,62.40,100.00
129N04333,2021-03-30 01:30:00,62.00,100.00
129N04333,2021-03-30 01:40:00,62.00,100.00
129N04333,2021-03-30 01:50:00,57.00,96.67
129N04333,2021-03-30 02:00:00,57.90,90.00
129N04333,2021-03-30 02:10:00,63.84,98.00
129N04333,2021-03-30 02:20:00,65.90,91.00
129N04333,2021-03-30 02:30:00,66.79,100.00
129N04333,2021-03-30 02:40:00,67.00,100.00
129N04333,2021-03-30 02:50:00,65.39,100.00
129N04333,2021-03-30 03:00:00,62.98,98.00
129N04333,2021-03-30 03:10:00,56.00,90.00
129N04333,2021-03-30 03:20:00,56.00,90.00
129N04333,2021-03-30 03:30:00,56.00,90.00
129N04333,2021-03-30 03:40:00,,
129N04333,2021-03-30 03:50:00,,
129N04333,2021-03-30 04:00:00,,
129N04333,2021-03-30 04:10:00,,
129N04333,2021-03-30 04:20:00,,
129N04333,2021-03-30 04:30:00,66.36,100.00
129N04333,2021-03-30 04:40:00,67.00,100.00
129N04333,2021-03-30 04:50:00,65.77,96.00
129N04333,2021-03-30 05:00:00,63.79,90.00
129N04333,2021-03-30 05:10:00,69.20,100.00
129N04333,2021-03-30 05:20:00,67.79,100.00
129N04333,2021-03-30 05:30:00,68.90,100.00
129N04333,2021-03-30 05:40:00,67.58,100.00
129N04333,2021-03-30 05:50:00,65.76,100.00
129N04333,2021-03-30 06:00:00,66.99,100.00
129N04333,2021-03-30 06:10:00,64.96,100.00
129N04333,2021-03-30 06:20:00,66.38,100.00
129N04333,2021-03-30 06:30:00,66.28,100.00
129N04333,2021-03-30 06:40:00,69.46,100.00
129N04333,2021-03-30 06:50:00,70.34,100.00
129N04333,2021-03-30 07:00:00,64.86,100.00
129N04333,2021-03-30 07:10:00,62.30,100.00
129N04333,2021-03-30 07:20:00,68.78,100.00
129N04333,2021-03-30 07:30:00,69.58,100.00
129N04333,2021-03-30 07:40:00,66.35,100.00
129N04333,2021-03-30 07:50:00,65.53,100.00
129N04333,2021-03-30 08:00:00,65.19,100.00
129N04333,2021-03-30 08:10:00,60.53,100.00
129N04333,2021-03-30 08:20:00,64.98,100.00
129N04333,2021-03-30 08:30:00,66.01,100.00
129N04333,2021-03-30 08:40:00,66.49,100.00
129N04333,2021-03-30 08:50:00,65.16,100.00
129N04333,2021-03-30 09:00:00,66.08,100.00
129N04333,2021-03-30 09:10:00,66.17,100.00
129N04333,2021-03-30 09:20:00,68.11,100.00
129N04333,2021-03-30 09:30:00,65.96,100.00
129N04333,2021-03-30 09:40:00,66.98,100.00
129N04333,2021-03-30 09:50:00,62.68,100.00
129N04333,2021-03-30 10:00:00,63.95,100.00
129N04333,2021-03-30 10:10:00,68.00,100.00
129N04333,2021-03-30 10:20:00,66.08,100.00
129N04333,2021-03-30 10:30:00,64.75,100.00
129N04333,2021-03-30 10:40:00,60.64,100.00
129N04333,2021-03-30 10:50:00,62.09,100.00
129N04333,2021-03-30 11:00:00,66.79,100.00
129N04333,2021-03-30 11:10:00,62.61,100.00
129N04333,2021-03-30 11:20:00,65.15,100.00
129N04333,2021-03-30 11:30:00,64.69,100.00
129N04333,2021-03-30 11:40:00,61.76,100.00
129N04333,2021-03-30 11:50:00,61.97,100.00
129N04333,2021-03-30 12:00:00,67.08,100.00
129N04333,2021-03-30 12:10:00,66.65,100.00
129N04333,2021-03-30 12:20:00,69.07,100.00
129N04333,2021-03-30 12:30:00,65.95,100.00
129N04333,2021-03-30 12:40:00,64.78,100.00
129N04333,2021-03-30 12:50:00,67.96,100.00
129N04333,2021-03-30 13:00:00,65.62,100.00
129N04333,2021-03-30 13:10:00,63.77,100.00
129N04333,2021-03-30 13:20:00,61.89,100.00
129N04333,2021-03-30 13:30:00,64.47,100.00
129N04333,2021-03-30 13:40:00,64.14,100.00
129N04333,2021-03-30 13:50:00,63.53,100.00
129N04333,2021-03-30 14:00:00,66.55,100.00
129N04333,2021-03-30 14:10:00,65.20,100.00
129N04333,2021-03-30 14:20:00,65.67,100.00
129N04333,2021-03-30 14:30:00,65.03,100.00
129N04333,2021-03-30 14:40:00,65.36,100.00
129N04333,2021-03-30 14:50:00,63.13,100.00
129N04333,2021-03-30 15:00:00,65.37,100.00
129N04333,2021-03-30 15:10:00,63.34,100.00
129N04333,2021-03-30 15:20:00,64.48,100.00
129N04333,2021-03-30 15:30:00,66.81,100.00
129N04333,2021-03-30 15:40:00,62.94,100.00
129N04333,2021-03-30 15:50:00,62.52,100.00
129N04333,2021-03-30 16:00:00,61.06,100.00
129N04333,2021-03-30 16:10:00,64.03,100.00
129N04333,2021-03-30 16:20:00,62.88,100.00
129N04333,2021-03-30 16:30:00,65.69,100.00
129N04333,2021-03-30 16:40:00,66.97,100.00
129N04333,2021-03-30 16:50:00,65.51,100.00
129N04333,2021-03-30 17:00:00,66.39,100.00
129N04333,2021-03-30 17:10:00,63.88,100.00
129N04333,2021-03-30 17:20:00,66.55,100.00
129N04333,2021-03-30 17:30:00,63.82,100.00
129N04333,2021-03-30 17:40:00,66.99,100.00
129N04333,2021-03-30 17:50:00,70.27,100.00
129N04333,2021-03-30 18:00:00,66.35,100.00
129N04333,2021-03-30 18:10:00,67.69,100.00
129N04333,2021-03-30 18:20:00,66.49,100.00
129N04333,2021-03-30 18:30:00,66.30,100.00
129N04333,2021-03-30 18:40:00,64.04,100.00
129N04333,2021-03-30 18:50:00,63.85,100.00
129N04333,2021-03-30 19:00:00,66.85,100.00
129N04333,2021-03-30 19:10:00,67.19,100.00
129N04333,2021-03-30 19:20:00,67.42,100.00
129N04333,2021-03-30 19:30:00,63.28,100.00
129N04333,2021-03-30 19:40:00,63.00,100.00
129N04333,2021-03-30 19:50:00,65.10,100.00
129N04333,2021-03-30 20:00:00,66.00,100.00
129N04333,2021-03-30 20:10:00,65.59,100.00
129N04333,2021-03-30 20:20:00,65.59,100.00
129N04333,2021-03-30 20:30:00,64.88,100.00
129N04333,2021-03-30 20:40:00,62.20,100.00
129N04333,2021-03-30 20:50:00,52.58,100.00
129N04333,2021-03-30 21:00:00,58.90,100.00
129N04333,2021-03-30 21:10:00,55.08,100.00
129N04333,2021-03-30 21:20:00,63.59,100.00
129N04333,2021-03-30 21:30:00,63.00,100.00
129N04333,2021-03-30 21:40:00,62.65,100.00
129N04333,2021-03-30 21:50:00,58.80,100.00
129N04333,2021-03-30 22:00:00,58.00,99.00
129N04333,2021-03-30 22:10:00,59.23,93.00
129N04333,2021-03-30 22:20:00,60.60,95.00
129N04333,2021-03-30 22:30:00,60.84,95.00
129N04333,2021-03-30 22:40:00,61.69,100.00
129N04333,2021-03-30 22:50:00,63.18,100.00
129N04333,2021-03-30 23:00:00,65.10,95.00
129N04333,2021-03-30 23:10:00,65.56,93.00
129N04333,2021-03-30 23:20:00,68.80,96.00
129N04333,2021-03-30 23:30:00,67.79,90.00
129N04333,2021-03-30 23:40:00,65.39,90.00
129N04333,2021-03-30 23:50:00,65.00,90.00
129N04331,2021-03-30 00:00:00,63.40,100.00
129N04331,2021-03-30 00:10:00,62.90,100.00
129N04331,2021-03-30 00:20:00,59.29,91.60
129N04331,2021-03-30 00:30:00,57.49,98.00
129N04331,2021-03-30 00:40:00,56.30,100.00
129N04331,2021-03-30 00:50:00,59.45,100.00
129N04331,2021-03-30 01:00:00,64.79,100.00
129N04331,2021-03-30 01:10:00,66.47,100.00
129N04331,2021-03-30 01:20:00,67.00,98.60
129N04331,2021-03-30 01:30:00,65.68,90.00
129N04331,2021-03-30 01:40:00,62.20,90.00
129N04331,2021-03-30 01:50:00,62.00,90.29
129N04331,2021-03-30 02:00:00,,
129N04331,2021-03-30 02:10:00,66.00,100.00
129N04331,2021-03-30 02:20:00,66.30,91.00
129N04331,2021-03-30 02:30:00,66.79,97.20
129N04331,2021-03-30 02:40:00,63.19,100.00
129N04331,2021-03-30 02:50:00,62.20,99.80
129N04331,2021-03-30 03:00:00,58.94,98.00
129N04331,2021-03-30 03:10:00,61.00,94.00
129N04331,2021-03-30 03:20:00,59.28,96.60
129N04331,2021-03-30 03:30:00,57.80,89.00
129N04331,2021-03-30 03:40:00,55.25,88.00
129N04331,2021-03-30 03:50:00,50.34,86.40
129N04331,2021-03-30 04:00:00,44.79,90.20
129N04331,2021-03-30 04:10:00,46.56,90.00
129N04331,2021-03-30 04:20:00,55.47,90.00
129N04331,2021-03-30 04:30:00,66.33,98.80
129N04331,2021-03-30 04:40:00,68.00,100.00
129N04331,2021-03-30 04:50:00,67.20,99.00
129N04331,2021-03-30 05:00:00,65.79,90.00
129N04331,2021-03-30 05:10:00,51.80,92.00
129N04331,2021-03-30 05:20:00,62.05,100.00
129N04331,2021-03-30 05:30:00,69.45,100.00
129N04331,2021-03-30 05:40:00,68.24,100.00
129N04331,2021-03-30 05:50:00,64.46,100.00
129N04331,2021-03-30 06:00:00,67.33,100.00
129N04331,2021-03-30 06:10:00,63.55,100.00
129N04331,2021-03-30 06:20:00,65.24,100.00
129N04331,2021-03-30 06:30:00,65.30,100.00
129N04331,2021-03-30 06:40:00,63.81,100.00
129N04331,2021-03-30 06:50:00,69.02,100.00
129N04331,2021-03-30 07:00:00,66.52,100.00
129N04331,2021-03-30 07:10:00,64.51,100.00
129N04331,2021-03-30 07:20:00,66.90,100.00
129N04331,2021-03-30 07:30:00,69.80,100.00
129N04331,2021-03-30 07:40:00,65.56,100.00
129N04331,2021-03-30 07:50:00,64.56,100.00
129N04331,2021-03-30 08:00:00,65.82,100.00
129N04331,2021-03-30 08:10:00,62.72,100.00
129N04331,2021-03-30 08:20:00,61.55,100.00
129N04331,2021-03-30 08:30:00,65.54,100.00
129N04331,2021-03-30 08:40:00,66.61,100.00
129N04331,2021-03-30 08:50:00,61.45,100.00
129N04331,2021-03-30 09:00:00,62.07,100.00
129N04331,2021-03-30 09:10:00,63.56,100.00
129N04331,2021-03-30 09:20:00,65.02,100.00
129N04331,2021-03-30 09:30:00,64.85,100.00
129N04331,2021-03-30 09:40:00,63.68,100.00
129N04331,2021-03-30 09:50:00,63.78,100.00
129N04331,2021-03-30 10:00:00,60.88,100.00
129N04331,2021-03-30 10:10:00,61.28,100.00
129N04331,2021-03-30 10:20:00,62.39,100.00
129N04331,2021-03-30 10:30:00,60.43,100.00
129N04331,2021-03-30 10:40:00,64.57,100.00
129N04331,2021-03-30 10:50:00,64.75,100.00
129N04331,2021-03-30 11:00:00,67.37,100.00
129N04331,2021-03-30 11:10:00,58.93,100.00
129N04331,2021-03-30 11:20:00,60.10,100.00
129N04331,2021-03-30 11:30:00,65.37,100.00
129N04331,2021-03-30 11:40:00,64.38,100.00
129N04331,2021-03-30 11:50:00,56.19,100.00
129N04331,2021-03-30 12:00:00,59.22,100.00
129N04331,2021-03-30 12:10:00,61.93,100.00
129N04331,2021-03-30 12:20:00,66.08,100.00
129N04331,2021-03-30 12:30:00,62.80,100.00
129N04331,2021-03-30 12:40:00,64.46,100.00
129N04331,2021-03-30 12:50:00,65.05,100.00
129N04331,2021-03-30 13:00:00,66.49,100.00
129N04331,2021-03-30 13:10:00,60.46,100.00
129N04331,2021-03-30 13:20:00,61.96,100.00
129N04331,2021-03-30 13:30:00,62.23,100.00
129N04331,2021-03-30 13:40:00,62.97,100.00
129N04331,2021-03-30 13:50:00,62.53,100.00
129N04331,2021-03-30 14:00:00,59.99,100.00
129N04331,2021-03-30 14:10:00,58.10,100.00
129N04331,2021-03-30 14:20:00,63.24,100.00
129N04331,2021-03-30 14:30:00,63.53,100.00
129N04331,2021-03-30 14:40:00,63.14,100.00
129N04331,2021-03-30 14:50:00,60.17,100.00
129N04331,2021-03-30 15:00:00,60.88,100.00
129N04331,2021-03-30 15:10:00,64.42,100.00
129N04331,2021-03-30 15:20:00,64.05,100.00
129N04331,2021-03-30 15:30:00,59.75,100.00
129N04331,2021-03-30 15:40:00,61.04,100.00
129N04331,2021-03-30 15:50:00,61.01,100.00
129N04331,2021-03-30 16:00:00,61.85,100.00
129N04331,2021-03-30 16:10:00,56.30,100.00
129N04331,2021-03-30 16:20:00,61.98,100.00
129N04331,2021-03-30 16:30:00,63.24,100.00
129N04331,2021-03-30 16:40:00,63.05,100.00
129N04331,2021-03-30 16:50:00,60.87,100.00
129N04331,2021-03-30 17:00:00,64.37,100.00
129N04331,2021-03-30 17:10:00,64.03,100.00
129N04331,2021-03-30 17:20:00,61.31,100.00
129N04331,2021-03-30 17:30:00,61.23,100.00
129N04331,2021-03-30 17:40:00,63.55,100.00
129N04331,2021-03-30 17:50:00,62.97,100.00
129N04331,2021-03-30 18:00:00,62.64,100.00
129N04331,2021-03-30 18:10:00,63.08,100.00
129N04331,2021-03-30 18:20:00,64.18,100.00
129N04331,2021-03-30 18:30:00,66.31,100.00
129N04331,2021-03-30 18:40:00,64.56,100.00
129N04331,2021-03-30 18:50:00,64.07,100.00
129N04331,2021-03-30 19:00:00,63.42,100.00
129N04331,2021-03-30 19:10:00,65.45,100.00
129N04331,2021-03-30 19:20:00,62.00,100.00
129N04331,2021-03-30 19:30:00,59.74,100.00
129N04331,2021-03-30 19:40:00,59.20,100.00
129N04331,2021-03-30 19:50:00,65.83,100.00
129N04331,2021-03-30 20:00:00,66.17,100.00
129N04331,2021-03-30 20:10:00,65.84,100.00
129N04331,2021-03-30 20:20:00,66.52,100.00
129N04331,2021-03-30 20:30:00,66.10,100.00
129N04331,2021-03-30 20:40:00,60.98,100.00
129N04331,2021-03-30 20:50:00,56.25,100.00
129N04331,2021-03-30 21:00:00,54.89,100.00
129N04331,2021-03-30 21:10:00,57.72,100.00
129N04331,2021-03-30 21:20:00,65.97,100.00
129N04331,2021-03-30 21:30:00,67.00,100.00
129N04331,2021-03-30 21:40:00,65.04,100.00
129N04331,2021-03-30 21:50:00,63.76,98.40
129N04331,2021-03-30 22:00:00,66.00,97.60
129N04331,2021-03-30 22:10:00,65.79,95.80
129N04331,2021-03-30 22:20:00,65.18,98.80
129N04331,2021-03-30 22:30:00,63.09,92.00
129N04331,2021-03-30 22:40:00,62.22,100.00
129N04331,2021-03-30 22:50:00,53.63,100.00
129N04331,2021-03-30 23:00:00,61.18,99.40
129N04331,2021-03-30 23:10:00,60.98,97.40
129N04331,2021-03-30 23:20:00,70.30,96.40
129N04331,2021-03-30 23:30:00,70.70,90.00
129N04331,2021-03-30 23:40:00,63.69,93.20
129N04331,2021-03-30 23:50:00,52.40,90.00
129-04337,2021-03-30 00:00:00,64.47,91.00
129-04337,2021-03-30 00:10:00,66.48,93.00
129-04337,2021-03-30 00:20:00,61.29,96.00
129-04337,2021-03-30 00:30:00,55.79,99.00
129-04337,2021-03-30 00:40:00,53.30,97.00
129-04337,2021-03-30 00:50:00,60.71,100.00
129-04337,2021-03-30 01:00:00,61.79,100.00
129-04337,2021-03-30 01:10:00,61.58,95.00
129-04337,2021-03-30 01:20:00,58.50,100.00
129-04337,2021-03-30 01:30:00,58.00,100.00
129-04337,2021-03-30 01:40:00,57.10,100.00
129-04337,2021-03-30 01:50:00,57.29,100.00
129-04337,2021-03-30 02:00:00,61.37,100.00
129-04337,2021-03-30 02:10:00,67.00,94.00
129-04337,2021-03-30 02:20:00,65.59,96.00
129-04337,2021-03-30 02:30:00,63.79,100.00
129-04337,2021-03-30 02:40:00,62.49,100.00
129-04337,2021-03-30 02:50:00,45.90,96.00
129-04337,2021-03-30 03:00:00,52.00,100.00
129-04337,2021-03-30 03:10:00,52.20,100.00
129-04337,2021-03-30 03:20:00,53.00,100.00
129-04337,2021-03-30 03:30:00,53.00,100.00
129-04337,2021-03-30 03:40:00,42.06,100.00
129-04337,2021-03-30 03:50:00,49.44,90.00
129-04337,2021-03-30 04:00:00,55.60,90.00
129-04337,2021-03-30 04:10:00,55.59,90.00
129-04337,2021-03-30 04:20:00,57.98,95.00
129-04337,2021-03-30 04:30:00,59.00,91.00
129-04337,2021-03-30 04:40:00,58.50,90.00
129-04337,2021-03-30 04:50:00,54.84,93.00
129-04337,2021-03-30 05:00:00,53.61,94.00
129-04337,2021-03-30 05:10:00,64.48,100.00
129-04337,2021-03-30 05:20:00,66.79,100.00
129-04337,2021-03-30 05:30:00,66.35,100.00
129-04337,2021-03-30 05:40:00,64.49,100.00
129-04337,2021-03-30 05:50:00,63.12,100.00
129-04337,2021-03-30 06:00:00,63.19,100.00
129-04337,2021-03-30 06:10:00,62.22,100.00
129-04337,2021-03-30 06:20:00,62.90,100.00
129-04337,2021-03-30 06:30:00,64.58,100.00
129-04337,2021-03-30 06:40:00,68.25,100.00
129-04337,2021-03-30 06:50:00,66.28,100.00
129-04337,2021-03-30 07:00:00,61.45,100.00
129-04337,2021-03-30 07:10:00,65.39,100.00
129-04337,2021-03-30 07:20:00,66.58,100.00
129-04337,2021-03-30 07:30:00,64.64,100.00
129-04337,2021-03-30 07:40:00,63.16,100.00
129-04337,2021-03-30 07:50:00,64.47,100.00
129-04337,2021-03-30 08:00:00,64.58,100.00
129-04337,2021-03-30 08:10:00,66.29,100.00
129-04337,2021-03-30 08:20:00,62.75,100.00
129-04337,2021-03-30 08:30:00,61.20,100.00
129-04337,2021-03-30 08:40:00,58.27,100.00
129-04337,2021-03-30 08:50:00,63.35,100.00
129-04337,2021-03-30 09:00:00,58.26,100.00
129-04337,2021-03-30 09:10:00,62.87,100.00
129-04337,2021-03-30 09:20:00,62.70,100.00
129-04337,2021-03-30 09:30:00,64.16,100.00
129-04337,2021-03-30 09:40:00,62.83,100.00
129-04337,2021-03-30 09:50:00,61.77,100.00
129-04337,2021-03-30 10:00:00,68.08,100.00
129-04337,2021-03-30 10:10:00,66.07,100.00
129-04337,2021-03-30 10:20:00,61.00,100.00
129-04337,2021-03-30 10:30:00,59.95,100.00
129-04337,2021-03-30 10:40:00,62.81,100.00
129-04337,2021-03-30 10:50:00,61.48,100.00
129-04337,2021-03-30 11:00:00,65.28,100.00
129-04337,2021-03-30 11:10:00,63.75,100.00
129-04337,2021-03-30 11:20:00,61.83,100.00
129-04337,2021-03-30 11:30:00,61.28,100.00
129-04337,2021-03-30 11:40:00,58.53,100.00
129-04337,2021-03-30 11:50:00,61.17,100.00
129-04337,2021-03-30 12:00:00,63.64,100.00
129-04337,2021-03-30 12:10:00,62.69,100.00
129-04337,2021-03-30 12:20:00,62.26,100.00
129-04337,2021-03-30 12:30:00,60.01,100.00
129-04337,2021-03-30 12:40:00,62.50,100.00
129-04337,2021-03-30 12:50:00,60.06,100.00
129-04337,2021-03-30 13:00:00,55.09,100.00
129-04337,2021-03-30 13:10:00,60.96,100.00
129-04337,2021-03-30 13:20:00,62.44,100.00
129-04337,2021-03-30 13:30:00,63.06,100.00
129-04337,2021-03-30 13:40:00,64.85,100.00
129-04337,2021-03-30 13:50:00,65.23,100.00
129-04337,2021-03-30 14:00:00,61.99,100.00
129-04337,2021-03-30 14:10:00,59.40,100.00
129-04337,2021-03-30 14:20:00,62.00,100.00
129-04337,2021-03-30 14:30:00,60.36,100.00
129-04337,2021-03-30 14:40:00,63.67,100.00
129-04337,2021-03-30 14:50:00,63.83,100.00
129-04337,2021-03-30 15:00:00,63.59,100.00
129-04337,2021-03-30 15:10:00,64.07,100.00
129-04337,2021-03-30 15:20:00,61.89,100.00
129-04337,2021-03-30 15:30:00,63.09,100.00
129-04337,2021-03-30 15:40:00,63.63,100.00
129-04337,2021-03-30 15:50:00,62.11,100.00
129-04337,2021-03-30 16:00:00,60.38,100.00
129-04337,2021-03-30 16:10:00,63.97,100.00
129-04337,2021-03-30 16:20:00,66.79,100.00
129-04337,2021-03-30 16:30:00,63.89,100.00
129-04337,2021-03-30 16:40:00,65.89,100.00
129-04337,2021-03-30 16:50:00,64.99,100.00
129-04337,2021-03-30 17:00:00,61.44,100.00
129-04337,2021-03-30 17:10:00,57.85,100.00
129-04337,2021-03-30 17:20:00,63.18,100.00
129-04337,2021-03-30 17:30:00,65.70,100.00
129-04337,2021-03-30 17:40:00,63.96,100.00
129-04337,2021-03-30 17:50:00,63.40,100.00
129-04337,2021-03-30 18:00:00,64.29,100.00
129-04337,2021-03-30 18:10:00,63.98,100.00
129-04337,2021-03-30 18:20:00,67.26,100.00
129-04337,2021-03-30 18:30:00,63.00,100.00
129-04337,2021-03-30 18:40:00,61.37,100.00
129-04337,2021-03-30 18:50:00,59.83,100.00
129-04337,2021-03-30 19:00:00,61.19,100.00
129-04337,2021-03-30 19:10:00,63.07,100.00
129-04337,2021-03-30 19:20:00,58.39,100.00
129-04337,2021-03-30 19:30:00,60.69,100.00
129-04337,2021-03-30 19:40:00,61.78,100.00
129-04337,2021-03-30 19:50:00,59.53,100.00
129-04337,2021-03-30 20:00:00,61.39,100.00
129-04337,2021-03-30 20:10:00,63.54,100.00
129-04337,2021-03-30 20:20:00,65.80,100.00
129-04337,2021-03-30 20:30:00,67.70,100.00
129-04337,2021-03-30 20:40:00,65.28,100.00
129-04337,2021-03-30 20:50:00,60.89,100.00
129-04337,2021-03-30 21:00:00,61.79,100.00
129-04337,2021-03-30 21:10:00,62.35,100.00
129-04337,2021-03-30 21:20:00,61.58,100.00
129-04337,2021-03-30 21:30:00,58.00,100.00
129-04337,2021-03-30 21:40:00,54.01,100.00
129-04337,2021-03-30 21:50:00,52.00,97.00
129-04337,2021-03-30 22:00:00,52.00,90.00
129-04337,2021-03-30 22:10:00,55.17,95.00
129-04337,2021-03-30 22:20:00,53.39,92.00
129-04337,2021-03-30 22:30:00,63.10,100.00
129-04337,2021-03-30 22:40:00,63.00,100.00
129-04337,2021-03-30 22:50:00,62.19,100.00
129-04337,2021-03-30 23:00:00,60.19,98.00
129-04337,2021-03-30 23:10:00,57.49,90.00
129-04337,2021-03-30 23:20:00,53.95,98.00
129-04337,2021-03-30 23:30:00,52.20,91.00
129-04337,2021-03-30 23:40:00,51.80,90.00
129-04337,2021-03-30 23:50:00,51.76,95.00
129-04338,2021-03-30 00:00:00,54.47,80.00
129-04338,2021-03-30 00:10:00,50.46,88.00
129-04338,2021-03-30 00:20:00,51.66,97.00
129-04338,2021-03-30 00:30:00,51.79,99.00
129-04338,2021-03-30 00:40:00,51.38,97.00
129-04338,2021-03-30 00:50:00,55.73,98.00
129-04338,2021-03-30 01:00:00,57.00,100.00
129-04338,2021-03-30 01:10:00,54.15,96.00
129-04338,2021-03-30 01:20:00,52.00,100.00
129-04338,2021-03-30 01:30:00,51.19,100.00
129-04338,2021-03-30 01:40:00,49.30,100.00
129-04338,2021-03-30 01:50:00,49.20,100.00
129-04338,2021-03-30 02:00:00,50.86,90.00
129-04338,2021-03-30 02:10:00,53.00,90.00
129-04338,2021-03-30 02:20:00,56.40,97.00
129-04338,2021-03-30 02:30:00,57.40,100.00
129-04338,2021-03-30 02:40:00,55.69,100.00
129-04338,2021-03-30 02:50:00,41.91,97.00
129-04338,2021-03-30 03:00:00,46.00,100.00
129-04338,2021-03-30 03:10:00,46.30,97.00
129-04338,2021-03-30 03:20:00,46.18,90.00
129-04338,2021-03-30 03:30:00,45.00,90.00
129-04338,2021-03-30 03:40:00,40.07,90.00
129-04338,2021-03-30 03:50:00,47.85,100.00
129-04338,2021-03-30 04:00:00,52.50,91.00
129-04338,2021-03-30 04:10:00,51.90,90.00
129-04338,2021-03-30 04:20:00,50.10,90.00
129-04338,2021-03-30 04:30:00,51.79,90.00
129-04338,2021-03-30 04:40:00,52.58,90.00
129-04338,2021-03-30 04:50:00,51.00,94.00
129-04338,2021-03-30 05:00:00,47.56,100.00
129-04338,2021-03-30 05:10:00,53.78,100.00
129-04338,2021-03-30 05:20:00,62.00,100.00
129-04338,2021-03-30 05:30:00,58.83,100.00
129-04338,2021-03-30 05:40:00,55.83,100.00
129-04338,2021-03-30 05:50:00,51.98,100.00
129-04338,2021-03-30 06:00:00,53.19,100.00
129-04338,2021-03-30 06:10:00,54.87,100.00
129-04338,2021-03-30 06:20:00,55.50,100.00
129-04338,2021-03-30 06:30:00,56.69,100.00
129-04338,2021-03-30 06:40:00,60.43,100.00
129-04338,2021-03-30 06:50:00,58.56,100.00
129-04338,2021-03-30 07:00:00,53.23,100.00
129-04338,2021-03-30 07:10:00,57.78,100.00
129-04338,2021-03-30 07:20:00,59.04,100.00
129-04338,2021-03-30 07:30:00,57.39,100.00
129-04338,2021-03-30 07:40:00,53.53,100.00
129-04338,2021-03-30 07:50:00,55.56,100.00
129-04338,2021-03-30 08:00:00,59.17,100.00
129-04338,2021-03-30 08:10:00,57.78,100.00
129-04338,2021-03-30 08:20:00,54.92,100.00
129-04338,2021-03-30 08:30:00,52.85,100.00
129-04338,2021-03-30 08:40:00,50.07,100.00
129-04338,2021-03-30 08:50:00,54.93,100.00
129-04338,2021-03-30 09:00:00,54.53,100.00
129-04338,2021-03-30 09:10:00,57.71,100.00
129-04338,2021-03-30 09:20:00,58.26,100.00
129-04338,2021-03-30 09:30:00,55.25,100.00
129-04338,2021-03-30 09:40:00,51.29,100.00
129-04338,2021-03-30 09:50:00,51.88,100.00
129-04338,2021-03-30 10:00:00,59.27,100.00
129-04338,2021-03-30 10:10:00,57.80,100.00
129-04338,2021-03-30 10:20:00,51.76,100.00
129-04338,2021-03-30 10:30:00,52.16,100.00
129-04338,2021-03-30 10:40:00,57.49,100.00
129-04338,2021-03-30 10:50:00,54.94,100.00
129-04338,2021-03-30 11:00:00,54.96,100.00
129-04338,2021-03-30 11:10:00,53.82,100.00
129-04338,2021-03-30 11:20:00,54.44,100.00
129-04338,2021-03-30 11:30:00,50.87,100.00
129-04338,2021-03-30 11:40:00,48.55,100.00
129-04338,2021-03-30 11:50:00,50.38,100.00
129-04338,2021-03-30 12:00:00,52.74,100.00
129-04338,2021-03-30 12:10:00,54.17,100.00
129-04338,2021-03-30 12:20:00,53.27,100.00
129-04338,2021-03-30 12:30:00,51.05,100.00
129-04338,2021-03-30 12:40:00,54.22,100.00
129-04338,2021-03-30 12:50:00,50.21,100.00
129-04338,2021-03-30 13:00:00,49.85,100.00
129-04338,2021-03-30 13:10:00,54.08,100.00
129-04338,2021-03-30 13:20:00,54.62,100.00
129-04338,2021-03-30 13:30:00,56.54,100.00
129-04338,2021-03-30 13:40:00,57.95,100.00
129-04338,2021-03-30 13:50:00,57.93,100.00
129-04338,2021-03-30 14:00:00,53.69,100.00
129-04338,2021-03-30 14:10:00,52.30,100.00
129-04338,2021-03-30 14:20:00,54.56,100.00
129-04338,2021-03-30 14:30:00,54.17,100.00
129-04338,2021-03-30 14:40:00,55.38,100.00
129-04338,2021-03-30 14:50:00,54.46,100.00
129-04338,2021-03-30 15:00:00,58.59,100.00
129-04338,2021-03-30 15:10:00,55.84,100.00
129-04338,2021-03-30 15:20:00,53.26,100.00
129-04338,2021-03-30 15:30:00,55.49,100.00
129-04338,2021-03-30 15:40:00,56.05,100.00
129-04338,2021-03-30 15:50:00,53.39,100.00
129-04338,2021-03-30 16:00:00,53.68,100.00
129-04338,2021-03-30 16:10:00,55.43,100.00
129-04338,2021-03-30 16:20:00,60.19,100.00
129-04338,2021-03-30 16:30:00,57.18,100.00
129-04338,2021-03-30 16:40:00,57.59,100.00
129-04338,2021-03-30 16:50:00,57.60,100.00
129-04338,2021-03-30 17:00:00,55.75,100.00
129-04338,2021-03-30 17:10:00,53.86,100.00
129-04338,2021-03-30 17:20:00,58.08,100.00
129-04338,2021-03-30 17:30:00,57.56,100.00
129-04338,2021-03-30 17:40:00,56.00,100.00
129-04338,2021-03-30 17:50:00,55.65,100.00
129-04338,2021-03-30 18:00:00,56.08,100.00
129-04338,2021-03-30 18:10:00,56.58,100.00
129-04338,2021-03-30 18:20:00,56.79,100.00
129-04338,2021-03-30 18:30:00,55.30,100.00
129-04338,2021-03-30 18:40:00,54.49,100.00
129-04338,2021-03-30 18:50:00,53.54,100.00
129-04338,2021-03-30 19:00:00,56.35,100.00
129-04338,2021-03-30 19:10:00,58.69,100.00
129-04338,2021-03-30 19:20:00,54.28,100.00
129-04338,2021-03-30 19:30:00,53.29,100.00
129-04338,2021-03-30 19:40:00,54.74,100.00
129-04338,2021-03-30 19:50:00,52.97,100.00
129-04338,2021-03-30 20:00:00,55.36,100.00
129-04338,2021-03-30 20:10:00,57.50,100.00
129-04338,2021-03-30 20:20:00,57.80,100.00
129-04338,2021-03-30 20:30:00,58.09,100.00
129-04338,2021-03-30 20:40:00,57.30,100.00
129-04338,2021-03-30 20:50:00,51.76,100.00
129-04338,2021-03-30 21:00:00,53.09,100.00
129-04338,2021-03-30 21:10:00,56.38,100.00
129-04338,2021-03-30 21:20:00,56.59,100.00
129-04338,2021-03-30 21:30:00,54.59,100.00
129-04338,2021-03-30 21:40:00,48.85,100.00
129-04338,2021-03-30 21:50:00,52.57,97.00
129-04338,2021-03-30 22:00:00,51.99,90.00
129-04338,2021-03-30 22:10:00,44.96,97.00
129-04338,2021-03-30 22:20:00,45.44,93.00
129-04338,2021-03-30 22:30:00,55.96,100.00
129-04338,2021-03-30 22:40:00,57.35,100.00
129-04338,2021-03-30 22:50:00,54.80,100.00
129-04338,2021-03-30 23:00:00,52.69,96.00
129-04338,2021-03-30 23:10:00,51.00,90.00
129-04338,2021-03-30 23:20:00,53.98,99.00
129-04338,2021-03-30 23:30:00,53.70,90.00
129-04338,2021-03-30 23:40:00,52.08,90.00
129-04338,2021-03-30 23:50:00,48.55,96.00
129-04335,2021-03-30 00:00:00,69.78,90.00
129-04335,2021-03-30 00:10:00,66.99,92.40
129-04335,2021-03-30 00:20:00,61.87,95.00
129-04335,2021-03-30 00:30:00,57.90,96.90
129-04335,2021-03-30 00:40:00,55.78,93.40
129-04335,2021-03-30 00:50:00,59.40,100.00
129-04335,2021-03-30 01:00:00,63.00,100.00
129-04335,2021-03-30 01:10:00,63.19,95.00
129-04335,2021-03-30 01:20:00,63.00,100.00
129-04335,2021-03-30 01:30:00,62.10,100.00
129-04335,2021-03-30 01:40:00,61.40,100.00
129-04335,2021-03-30 01:50:00,61.00,100.00
129-04335,2021-03-30 02:00:00,61.76,67.20
129-04335,2021-03-30 02:10:00,67.00,94.90
129-04335,2021-03-30 02:20:00,66.19,94.60
129-04335,2021-03-30 02:30:00,65.40,100.00
129-04335,2021-03-30 02:40:00,64.49,100.00
129-04335,2021-03-30 02:50:00,59.34,96.40
129-04335,2021-03-30 03:00:00,58.00,94.00
129-04335,2021-03-30 03:10:00,,
129-04335,2021-03-30 03:20:00,,
129-04335,2021-03-30 03:30:00,,
129-04335,2021-03-30 03:40:00,,
129-04335,2021-03-30 03:50:00,,
129-04335,2021-03-30 04:00:00,,
129-04335,2021-03-30 04:10:00,,
129-04335,2021-03-30 04:20:00,62.60,89.20
129-04335,2021-03-30 04:30:00,63.00,92.20
129-04335,2021-03-30 04:40:00,62.68,90.80
129-04335,2021-03-30 04:50:00,65.09,96.70
129-04335,2021-03-30 05:00:00,62.79,94.60
129-04335,2021-03-30 05:10:00,65.49,97.90
129-04335,2021-03-30 05:20:00,68.79,100.00
129-04335,2021-03-30 05:30:00,68.00,100.00
129-04335,2021-03-30 05:40:00,67.50,100.00
129-04335,2021-03-30 05:50:00,68.58,100.00
129-04335,2021-03-30 06:00:00,68.89,100.00
129-04335,2021-03-30 06:10:00,64.37,100.00
129-04335,2021-03-30 06:20:00,66.78,100.00
129-04335,2021-03-30 06:30:00,65.49,100.00
129-04335,2021-03-30 06:40:00,68.36,100.00
129-04335,2021-03-30 06:50:00,70.87,100.00
129-04335,2021-03-30 07:00:00,63.10,100.00
129-04335,2021-03-30 07:10:00,67.37,100.00
129-04335,2021-03-30 07:20:00,69.79,100.00
129-04335,2021-03-30 07:30:00,66.88,100.00
129-04335,2021-03-30 07:40:00,66.98,100.00
129-04335,2021-03-30 07:50:00,67.79,100.00
129-04335,2021-03-30 08:00:00,68.16,100.00
129-04335,2021-03-30 08:10:00,67.39,100.00
129-04335,2021-03-30 08:20:00,67.09,100.00
129-04335,2021-03-30 08:30:00,66.09,100.00
129-04335,2021-03-30 08:40:00,64.86,100.00
129-04335,2021-03-30 08:50:00,65.98,100.00
129-04335,2021-03-30 09:00:00,64.95,100.00
129-04335,2021-03-30 09:10:00,63.24,100.00
129-04335,2021-03-30 09:20:00,66.99,100.00
129-04335,2021-03-30 09:30:00,66.39,100.00
129-04335,2021-03-30 09:40:00,66.70,100.00
129-04335,2021-03-30 09:50:00,62.99,100.00
129-04335,2021-03-30 10:00:00,65.17,100.00
129-04335,2021-03-30 10:10:00,64.27,100.00
129-04335,2021-03-30 10:20:00,63.49,100.00
129-04335,2021-03-30 10:30:00,63.83,100.00
129-04335,2021-03-30 10:40:00,66.10,100.00
129-04335,2021-03-30 10:50:00,65.98,100.00
129-04335,2021-03-30 11:00:00,68.59,100.00
129-04335,2021-03-30 11:10:00,67.37,100.00
129-04335,2021-03-30 11:20:00,68.19,100.00
129-04335,2021-03-30 11:30:00,65.50,100.00
129-04335,2021-03-30 11:40:00,65.70,100.00
129-04335,2021-03-30 11:50:00,63.82,100.00
129-04335,2021-03-30 12:00:00,68.58,100.00
129-04335,2021-03-30 12:10:00,66.49,100.00
129-04335,2021-03-30 12:20:00,67.84,100.00
129-04335,2021-03-30 12:30:00,68.67,100.00
129-04335,2021-03-30 12:40:00,67.39,100.00
129-04335,2021-03-30 12:50:00,67.08,100.00
129-04335,2021-03-30 13:00:00,64.27,100.00
129-04335,2021-03-30 13:10:00,66.28,100.00
129-04335,2021-03-30 13:20:00,62.04,100.00
129-04335,2021-03-30 13:30:00,64.56,100.00
129-04335,2021-03-30 13:40:00,67.99,100.00
129-04335,2021-03-30 13:50:00,66.37,100.00
129-04335,2021-03-30 14:00:00,68.10,100.00
129-04335,2021-03-30 14:10:00,67.69,100.00
129-04335,2021-03-30 14:20:00,66.57,100.00
129-04335,2021-03-30 14:30:00,65.91,100.00
129-04335,2021-03-30 14:40:00,64.37,100.00
129-04335,2021-03-30 14:50:00,65.95,100.00
129-04335,2021-03-30 15:00:00,68.17,100.00
129-04335,2021-03-30 15:10:00,66.69,100.00
129-04335,2021-03-30 15:20:00,65.79,100.00
129-04335,2021-03-30 15:30:00,66.19,100.00
129-04335,2021-03-30 15:40:00,67.44,100.00
129-04335,2021-03-30 15:50:00,65.34,100.00
129-04335,2021-03-30 16:00:00,64.19,100.00
129-04335,2021-03-30 16:10:00,65.39,100.00
129-04335,2021-03-30 16:20:00,70.50,100.00
129-04335,2021-03-30 16:30:00,68.28,100.00
129-04335,2021-03-30 16:40:00,70.20,100.00
129-04335,2021-03-30 16:50:00,69.70,100.00
129-04335,2021-03-30 17:00:00,66.53,100.00
129-04335,2021-03-30 17:10:00,67.99,100.00
129-04335,2021-03-30 17:20:00,67.19,100.00
129-04335,2021-03-30 17:30:00,67.48,100.00
129-04335,2021-03-30 17:40:00,65.89,100.00
129-04335,2021-03-30 17:50:00,68.09,100.00
129-04335,2021-03-30 18:00:00,69.29,100.00
129-04335,2021-03-30 18:10:00,69.69,100.00
129-04335,2021-03-30 18:20:00,69.29,100.00
129-04335,2021-03-30 18:30:00,69.49,100.00
129-04335,2021-03-30 18:40:00,68.00,100.00
129-04335,2021-03-30 18:50:00,67.08,100.00
129-04335,2021-03-30 19:00:00,70.35,100.00
129-04335,2021-03-30 19:10:00,71.59,100.00
129-04335,2021-03-30 19:20:00,69.39,100.00
129-04335,2021-03-30 19:30:00,67.13,100.00
129-04335,2021-03-30 19:40:00,64.39,100.00
129-04335,2021-03-30 19:50:00,62.00,100.00
129-04335,2021-03-30 20:00:00,66.54,100.00
129-04335,2021-03-30 20:10:00,67.30,100.00
129-04335,2021-03-30 20:20:00,69.50,100.00
129-04335,2021-03-30 20:30:00,68.08,100.00
129-04335,2021-03-30 20:40:00,65.80,100.00
129-04335,2021-03-30 20:50:00,63.10,100.00
129-04335,2021-03-30 21:00:00,60.97,100.00
129-04335,2021-03-30 21:10:00,61.09,100.00
129-04335,2021-03-30 21:20:00,62.60,100.00
129-04335,2021-03-30 21:30:00,61.37,100.00
129-04335,2021-03-30 21:40:00,54.84,96.60
129-04335,2021-03-30 21:50:00,59.02,93.20
129-04335,2021-03-30 22:00:00,62.33,90.80
129-04335,2021-03-30 22:10:00,62.28,97.40
129-04335,2021-03-30 22:20:00,61.10,91.30
129-04335,2021-03-30 22:30:00,61.37,99.10
129-04335,2021-03-30 22:40:00,62.29,100.00
129-04335,2021-03-30 22:50:00,62.59,100.00
129-04335,2021-03-30 23:00:00,62.10,100.00
129-04335,2021-03-30 23:10:00,63.94,99.60
129-04335,2021-03-30 23:20:00,65.00,91.50
129-04335,2021-03-30 23:30:00,63.49,90.00
129-04335,2021-03-30 23:40:00,59.68,90.00
129-04335,2021-03-30 23:50:00,58.74,85.75
129-04336,2021-03-30 00:00:00,65.97,90.00
129-04336,2021-03-30 00:10:00,69.32,93.00
129-04336,2021-03-30 00:20:00,61.96,96.00
129-04336,2021-03-30 00:30:00,56.69,99.00
129-04336,2021-03-30 00:40:00,53.90,90.00
129-04336,2021-03-30 00:50:00,58.36,97.00
129-04336,2021-03-30 01:00:00,61.00,90.00
129-04336,2021-03-30 01:10:00,59.68,93.00
129-04336,2021-03-30 01:20:00,57.90,100.00
129-04336,2021-03-30 01:30:00,57.00,100.00
129-04336,2021-03-30 01:40:00,56.40,100.00
129-04336,2021-03-30 01:50:00,56.00,100.00
129-04336,2021-03-30 02:00:00,58.90,100.00
129-04336,2021-03-30 02:10:00,67.00,94.00
129-04336,2021-03-30 02:20:00,65.59,96.00
129-04336,2021-03-30 02:30:00,64.29,100.00
129-04336,2021-03-30 02:40:00,63.00,100.00
129-04336,2021-03-30 02:50:00,48.82,99.00
129-04336,2021-03-30 03:00:00,47.37,98.00
129-04336,2021-03-30 03:10:00,48.20,100.00
129-04336,2021-03-30 03:20:00,51.40,90.00
129-04336,2021-03-30 03:30:00,52.00,90.00
129-04336,2021-03-30 03:40:00,50.58,90.00
129-04336,2021-03-30 03:50:00,50.00,
129-04336,2021-03-30 04:00:00,50.00,
129-04336,2021-03-30 04:10:00,50.00,
129-04336,2021-03-30 04:20:00,54.13,100.00
129-04336,2021-03-30 04:30:00,59.00,91.00
129-04336,2021-03-30 04:40:00,57.60,92.00
129-04336,2021-03-30 04:50:00,51.76,96.00
129-04336,2021-03-30 05:00:00,55.92,100.00
129-04336,2021-03-30 05:10:00,63.87,100.00
129-04336,2021-03-30 05:20:00,66.00,100.00
129-04336,2021-03-30 05:30:00,63.54,100.00
129-04336,2021-03-30 05:40:00,62.60,100.00
129-04336,2021-03-30 05:50:00,64.84,100.00
129-04336,2021-03-30 06:00:00,65.46,100.00
129-04336,2021-03-30 06:10:00,64.23,100.00
129-04336,2021-03-30 06:20:00,64.79,100.00
129-04336,2021-03-30 06:30:00,63.36,100.00
129-04336,2021-03-30 06:40:00,66.40,100.00
129-04336,2021-03-30 06:50:00,60.03,100.00
129-04336,2021-03-30 07:00:00,59.76,100.00
129-04336,2021-03-30 07:10:00,63.03,100.00
129-04336,2021-03-30 07:20:00,67.35,100.00
129-04336,2021-03-30 07:30:00,65.25,100.00
129-04336,2021-03-30 07:40:00,60.86,100.00
129-04336,2021-03-30 07:50:00,63.36,100.00
129-04336,2021-03-30 08:00:00,62.78,100.00
129-04336,2021-03-30 08:10:00,64.16,100.00
129-04336,2021-03-30 08:20:00,63.38,100.00
129-04336,2021-03-30 08:30:00,60.13,100.00
129-04336,2021-03-30 08:40:00,56.37,100.00
129-04336,2021-03-30 08:50:00,64.05,100.00
129-04336,2021-03-30 09:00:00,59.15,100.00
129-04336,2021-03-30 09:10:00,57.52,100.00
129-04336,2021-03-30 09:20:00,59.67,100.00
129-04336,2021-03-30 09:30:00,62.06,100.00
129-04336,2021-03-30 09:40:00,59.77,100.00
129-04336,2021-03-30 09:50:00,60.72,100.00
129-04336,2021-03-30 10:00:00,66.51,100.00
129-04336,2021-03-30 10:10:00,67.17,100.00
129-04336,2021-03-30 10:20:00,60.57,100.00
129-04336,2021-03-30 10:30:00,61.25,100.00
129-04336,2021-03-30 10:40:00,62.70,100.00
129-04336,2021-03-30 10:50:00,61.37,100.00
129-04336,2021-03-30 11:00:00,63.80,100.00
129-04336,2021-03-30 11:10:00,59.06,100.00
129-04336,2021-03-30 11:20:00,64.18,100.00
129-04336,2021-03-30 11:30:00,60.51,100.00
129-04336,2021-03-30 11:40:00,56.68,100.00
129-04336,2021-03-30 11:50:00,59.47,100.00
129-04336,2021-03-30 12:00:00,62.44,100.00
129-04336,2021-03-30 12:10:00,62.06,100.00
129-04336,2021-03-30 12:20:00,64.97,100.00
129-04336,2021-03-30 12:30:00,64.65,100.00
129-04336,2021-03-30 12:40:00,62.05,100.00
129-04336,2021-03-30 12:50:00,60.86,100.00
129-04336,2021-03-30 13:00:00,54.57,100.00
129-04336,2021-03-30 13:10:00,55.69,100.00
129-04336,2021-03-30 13:20:00,57.57,100.00
129-04336,2021-03-30 13:30:00,63.25,100.00
129-04336,2021-03-30 13:40:00,66.34,100.00
129-04336,2021-03-30 13:50:00,63.27,100.00
129-04336,2021-03-30 14:00:00,62.72,100.00
129-04336,2021-03-30 14:10:00,62.93,100.00
129-04336,2021-03-30 14:20:00,61.33,100.00
129-04336,2021-03-30 14:30:00,60.33,100.00
129-04336,2021-03-30 14:40:00,61.56,100.00
129-04336,2021-03-30 14:50:00,60.86,100.00
129-04336,2021-03-30 15:00:00,62.06,100.00
129-04336,2021-03-30 15:10:00,62.45,100.00
129-04336,2021-03-30 15:20:00,61.40,100.00
129-04336,2021-03-30 15:30:00,62.46,100.00
129-04336,2021-03-30 15:40:00,61.95,100.00
129-04336,2021-03-30 15:50:00,61.20,100.00
129-04336,2021-03-30 16:00:00,58.28,100.00
129-04336,2021-03-30 16:10:00,59.82,100.00
129-04336,2021-03-30 16:20:00,63.84,100.00
129-04336,2021-03-30 16:30:00,62.98,100.00
129-04336,2021-03-30 16:40:00,66.08,100.00
129-04336,2021-03-30 16:50:00,65.90,100.00
129-04336,2021-03-30 17:00:00,61.84,100.00
129-04336,2021-03-30 17:10:00,57.08,100.00
129-04336,2021-03-30 17:20:00,61.69,100.00
129-04336,2021-03-30 17:30:00,62.54,100.00
129-04336,2021-03-30 17:40:00,60.88,100.00
129-04336,2021-03-30 17:50:00,63.36,100.00
129-04336,2021-03-30 18:00:00,63.16,100.00
129-04336,2021-03-30 18:10:00,62.05,100.00
129-04336,2021-03-30 18:20:00,63.58,100.00
129-04336,2021-03-30 18:30:00,63.68,100.00
129-04336,2021-03-30 18:40:00,62.21,100.00
129-04336,2021-03-30 18:50:00,59.46,100.00
129-04336,2021-03-30 19:00:00,66.67,100.00
129-04336,2021-03-30 19:10:00,65.35,100.00
129-04336,2021-03-30 19:20:00,63.59,100.00
129-04336,2021-03-30 19:30:00,62.07,100.00
129-04336,2021-03-30 19:40:00,61.59,100.00
129-04336,2021-03-30 19:50:00,59.93,100.00
129-04336,2021-03-30 20:00:00,63.18,100.00
129-04336,2021-03-30 20:10:00,62.13,100.00
129-04336,2021-03-30 20:20:00,67.27,100.00
129-04336,2021-03-30 20:30:00,69.50,100.00
129-04336,2021-03-30 20:40:00,61.77,100.00
129-04336,2021-03-30 20:50:00,56.55,95.00
129-04336,2021-03-30 21:00:00,58.54,100.00
129-04336,2021-03-30 21:10:00,59.77,100.00
129-04336,2021-03-30 21:20:00,59.08,100.00
129-04336,2021-03-30 21:30:00,55.74,100.00
129-04336,2021-03-30 21:40:00,51.85,100.00
129-04336,2021-03-30 21:50:00,56.95,100.00
129-04336,2021-03-30 22:00:00,60.00,100.00
129-04336,2021-03-30 22:10:00,59.88,90.00
129-04336,2021-03-30 22:20:00,57.69,91.00
129-04336,2021-03-30 22:30:00,62.10,100.00
129-04336,2021-03-30 22:40:00,62.39,100.00
129-04336,2021-03-30 22:50:00,62.90,100.00
129-04336,2021-03-30 23:00:00,60.49,90.00
129-04336,2021-03-30 23:10:00,57.49,90.00
129-04336,2021-03-30 23:20:00,57.00,90.00
129-04336,2021-03-30 23:30:00,53.75,90.00
129-04336,2021-03-30 23:40:00,52.79,
129-04336,2021-03-30 23:50:00,51.40,90.00
129-04333,2021-03-30 00:00:00,65.30,93.00
129-04333,2021-03-30 00:10:00,61.71,90.00
129-04333,2021-03-30 00:20:00,64.46,90.00
129-04333,2021-03-30 00:30:00,59.80,100.00
129-04333,2021-03-30 00:40:00,58.49,94.00
129-04333,2021-03-30 00:50:00,58.94,100.00
129-04333,2021-03-30 01:00:00,65.00,100.00
129-04333,2021-03-30 01:10:00,64.90,100.00
129-04333,2021-03-30 01:20:00,61.26,100.00
129-04333,2021-03-30 01:30:00,58.40,100.00
129-04333,2021-03-30 01:40:00,58.00,100.00
129-04333,2021-03-30 01:50:00,57.00,90.00
129-04333,2021-03-30 02:00:00,58.65,90.00
129-04333,2021-03-30 02:10:00,66.47,96.67
129-04333,2021-03-30 02:20:00,67.90,91.00
129-04333,2021-03-30 02:30:00,67.90,100.00
129-04333,2021-03-30 02:40:00,67.00,100.00
129-04333,2021-03-30 02:50:00,65.79,100.00
129-04333,2021-03-30 03:00:00,62.72,98.00
129-04333,2021-03-30 03:10:00,55.00,90.00
129-04333,2021-03-30 03:20:00,56.76,90.00
129-04333,2021-03-30 03:30:00,58.00,90.00
129-04333,2021-03-30 03:40:00,,
129-04333,2021-03-30 03:50:00,,
129-04333,2021-03-30 04:00:00,,
129-04333,2021-03-30 04:10:00,,
129-04333,2021-03-30 04:20:00,,
129-04333,2021-03-30 04:30:00,65.69,100.00
129-04333,2021-03-30 04:40:00,66.00,100.00
129-04333,2021-03-30 04:50:00,66.20,96.00
129-04333,2021-03-30 05:00:00,64.39,90.00
129-04333,2021-03-30 05:10:00,71.35,100.00
129-04333,2021-03-30 05:20:00,66.77,100.00
129-04333,2021-03-30 05:30:00,69.30,100.00
129-04333,2021-03-30 05:40:00,68.80,100.00
129-04333,2021-03-30 05:50:00,68.58,100.00
129-04333,2021-03-30 06:00:00,68.99,100.00
129-04333,2021-03-30 06:10:00,63.88,100.00
129-04333,2021-03-30 06:20:00,66.05,100.00
129-04333,2021-03-30 06:30:00,66.20,100.00
129-04333,2021-03-30 06:40:00,68.97,100.00
129-04333,2021-03-30 06:50:00,69.56,100.00
129-04333,2021-03-30 07:00:00,64.80,100.00
129-04333,2021-03-30 07:10:00,64.65,100.00
129-04333,2021-03-30 07:20:00,70.09,100.00
129-04333,2021-03-30 07:30:00,68.47,100.00
129-04333,2021-03-30 07:40:00,66.23,100.00
129-04333,2021-03-30 07:50:00,67.79,100.00
129-04333,2021-03-30 08:00:00,68.36,100.00
129-04333,2021-03-30 08:10:00,67.28,100.00
129-04333,2021-03-30 08:20:00,65.48,100.00
129-04333,2021-03-30 08:30:00,65.57,100.00
129-04333,2021-03-30 08:40:00,66.82,100.00
129-04333,2021-03-30 08:50:00,67.18,100.00
129-04333,2021-03-30 09:00:00,66.16,100.00
129-04333,2021-03-30 09:10:00,64.67,100.00
129-04333,2021-03-30 09:20:00,66.75,100.00
129-04333,2021-03-30 09:30:00,65.38,100.00
129-04333,2021-03-30 09:40:00,67.07,100.00
129-04333,2021-03-30 09:50:00,64.99,100.00
129-04333,2021-03-30 10:00:00,64.24,100.00
129-04333,2021-03-30 10:10:00,66.80,100.00
129-04333,2021-03-30 10:20:00,65.08,100.00
129-04333,2021-03-30 10:30:00,65.87,100.00
129-04333,2021-03-30 10:40:00,64.65,100.00
129-04333,2021-03-30 10:50:00,65.78,100.00
129-04333,2021-03-30 11:00:00,67.77,100.00
129-04333,2021-03-30 11:10:00,62.41,100.00
129-04333,2021-03-30 11:20:00,66.33,100.00
129-04333,2021-03-30 11:30:00,67.69,100.00
129-04333,2021-03-30 11:40:00,63.09,100.00
129-04333,2021-03-30 11:50:00,62.89,100.00
129-04333,2021-03-30 12:00:00,67.27,100.00
129-04333,2021-03-30 12:10:00,65.49,100.00
129-04333,2021-03-30 12:20:00,68.28,100.00
129-04333,2021-03-30 12:30:00,68.55,100.00
129-04333,2021-03-30 12:40:00,66.86,100.00
129-04333,2021-03-30 12:50:00,66.63,100.00
129-04333,2021-03-30 13:00:00,67.18,100.00
129-04333,2021-03-30 13:10:00,65.88,100.00
129-04333,2021-03-30 13:20:00,63.72,100.00
129-04333,2021-03-30 13:30:00,66.89,100.00
129-04333,2021-03-30 13:40:00,65.84,100.00
129-04333,2021-03-30 13:50:00,65.29,100.00
129-04333,2021-03-30 14:00:00,67.58,100.00
129-04333,2021-03-30 14:10:00,66.78,100.00
129-04333,2021-03-30 14:20:00,64.35,100.00
129-04333,2021-03-30 14:30:00,66.18,100.00
129-04333,2021-03-30 14:40:00,66.63,100.00
129-04333,2021-03-30 14:50:00,65.87,100.00
129-04333,2021-03-30 15:00:00,67.16,100.00
129-04333,2021-03-30 15:10:00,67.55,100.00
129-04333,2021-03-30 15:20:00,66.88,100.00
129-04333,2021-03-30 15:30:00,68.10,100.00
129-04333,2021-03-30 15:40:00,64.39,100.00
129-04333,2021-03-30 15:50:00,66.07,100.00
129-04333,2021-03-30 16:00:00,64.42,100.00
129-04333,2021-03-30 16:10:00,66.09,100.00
129-04333,2021-03-30 16:20:00,65.63,100.00
129-04333,2021-03-30 16:30:00,69.49,100.00
129-04333,2021-03-30 16:40:00,69.90,100.00
129-04333,2021-03-30 16:50:00,68.28,100.00
129-04333,2021-03-30 17:00:00,66.29,100.00
129-04333,2021-03-30 17:10:00,66.68,100.00
129-04333,2021-03-30 17:20:00,68.89,100.00
129-04333,2021-03-30 17:30:00,68.28,100.00
129-04333,2021-03-30 17:40:00,68.49,100.00
129-04333,2021-03-30 17:50:00,70.60,100.00
129-04333,2021-03-30 18:00:00,68.96,100.00
129-04333,2021-03-30 18:10:00,69.90,100.00
129-04333,2021-03-30 18:20:00,68.69,100.00
129-04333,2021-03-30 18:30:00,69.29,100.00
129-04333,2021-03-30 18:40:00,64.38,100.00
129-04333,2021-03-30 18:50:00,65.50,100.00
129-04333,2021-03-30 19:00:00,69.13,100.00
129-04333,2021-03-30 19:10:00,66.38,100.00
129-04333,2021-03-30 19:20:00,66.69,100.00
129-04333,2021-03-30 19:30:00,66.55,100.00
129-04333,2021-03-30 19:40:00,62.50,100.00
129-04333,2021-03-30 19:50:00,65.79,100.00
129-04333,2021-03-30 20:00:00,66.69,100.00
129-04333,2021-03-30 20:10:00,68.19,100.00
129-04333,2021-03-30 20:20:00,69.59,100.00
129-04333,2021-03-30 20:30:00,68.78,100.00
129-04333,2021-03-30 20:40:00,65.89,100.00
129-04333,2021-03-30 20:50:00,62.99,100.00
129-04333,2021-03-30 21:00:00,62.20,100.00
129-04333,2021-03-30 21:10:00,60.78,100.00
129-04333,2021-03-30 21:20:00,62.10,100.00
129-04333,2021-03-30 21:30:00,61.80,100.00
129-04333,2021-03-30 21:40:00,60.20,100.00
129-04333,2021-03-30 21:50:00,58.80,100.00
129-04333,2021-03-30 22:00:00,58.10,99.00
129-04333,2021-03-30 22:10:00,60.16,94.00
129-04333,2021-03-30 22:20:00,61.40,95.00
129-04333,2021-03-30 22:30:00,61.97,95.00
129-04333,2021-03-30 22:40:00,63.00,100.00
129-04333,2021-03-30 22:50:00,62.29,100.00
129-04333,2021-03-30 23:00:00,62.40,100.00
129-04333,2021-03-30 23:10:00,63.37,100.00
129-04333,2021-03-30 23:20:00,68.00,96.00
129-04333,2021-03-30 23:30:00,66.49,90.00
129-04333,2021-03-30 23:40:00,64.49,90.00
129-04333,2021-03-30 23:50:00,64.00,90.00
129-04334,2021-03-30 00:00:00,70.29,90.00
129-04334,2021-03-30 00:10:00,68.67,95.00
129-04334,2021-03-30 00:20:00,67.19,95.00
129-04334,2021-03-30 00:30:00,58.00,100.00
129-04334,2021-03-30 00:40:00,57.30,93.00
129-04334,2021-03-30 00:50:00,57.51,100.00
129-04334,2021-03-30 01:00:00,61.00,100.00
129-04334,2021-03-30 01:10:00,60.70,100.00
129-04334,2021-03-30 01:20:00,62.09,100.00
129-04334,2021-03-30 01:30:00,61.39,100.00
129-04334,2021-03-30 01:40:00,60.00,100.00
129-04334,2021-03-30 01:50:00,60.00,100.00
129-04334,2021-03-30 02:00:00,60.28,100.00
129-04334,2021-03-30 02:10:00,65.69,97.00
129-04334,2021-03-30 02:20:00,66.39,92.00
129-04334,2021-03-30 02:30:00,68.00,100.00
129-04334,2021-03-30 02:40:00,67.80,100.00
129-04334,2021-03-30 02:50:00,66.20,100.00
129-04334,2021-03-30 03:00:00,64.23,98.00
129-04334,2021-03-30 03:10:00,58.00,90.00
129-04334,2021-03-30 03:20:00,58.00,90.00
129-04334,2021-03-30 03:30:00,58.00,90.00
129-04334,2021-03-30 03:40:00,,
129-04334,2021-03-30 03:50:00,,
129-04334,2021-03-30 04:00:00,,
129-04334,2021-03-30 04:10:00,,
129-04334,2021-03-30 04:20:00,64.00,100.00
129-04334,2021-03-30 04:30:00,65.00,95.00
129-04334,2021-03-30 04:40:00,64.60,90.00
129-04334,2021-03-30 04:50:00,62.89,90.00
129-04334,2021-03-30 05:00:00,63.28,92.00
129-04334,2021-03-30 05:10:00,69.92,100.00
129-04334,2021-03-30 05:20:00,66.42,100.00
129-04334,2021-03-30 05:30:00,63.90,100.00
129-04334,2021-03-30 05:40:00,64.39,100.00
129-04334,2021-03-30 05:50:00,67.68,100.00
129-04334,2021-03-30 06:00:00,66.30,100.00
129-04334,2021-03-30 06:10:00,63.39,100.00
129-04334,2021-03-30 06:20:00,64.81,100.00
129-04334,2021-03-30 06:30:00,66.29,100.00
129-04334,2021-03-30 06:40:00,67.73,100.00
129-04334,2021-03-30 06:50:00,70.49,100.00
129-04334,2021-03-30 07:00:00,62.35,100.00
129-04334,2021-03-30 07:10:00,65.35,100.00
129-04334,2021-03-30 07:20:00,69.89,100.00
129-04334,2021-03-30 07:30:00,68.43,100.00
129-04334,2021-03-30 07:40:00,66.06,100.00
129-04334,2021-03-30 07:50:00,68.69,100.00
129-04334,2021-03-30 08:00:00,67.86,100.00
129-04334,2021-03-30 08:10:00,65.83,100.00
129-04334,2021-03-30 08:20:00,65.03,100.00
129-04334,2021-03-30 08:30:00,63.95,100.00
129-04334,2021-03-30 08:40:00,65.21,100.00
129-04334,2021-03-30 08:50:00,66.80,100.00
129-04334,2021-03-30 09:00:00,65.53,100.00
129-04334,2021-03-30 09:10:00,66.30,100.00
129-04334,2021-03-30 09:20:00,67.06,100.00
129-04334,2021-03-30 09:30:00,67.73,100.00
129-04334,2021-03-30 09:40:00,67.17,100.00
129-04334,2021-03-30 09:50:00,63.78,100.00
129-04334,2021-03-30 10:00:00,63.15,100.00
129-04334,2021-03-30 10:10:00,68.77,100.00
129-04334,2021-03-30 10:20:00,67.29,100.00
129-04334,2021-03-30 10:30:00,66.59,100.00
129-04334,2021-03-30 10:40:00,64.54,100.00
129-04334,2021-03-30 10:50:00,67.58,100.00
129-04334,2021-03-30 11:00:00,69.05,100.00
129-04334,2021-03-30 11:10:00,66.24,100.00
129-04334,2021-03-30 11:20:00,67.73,100.00
129-04334,2021-03-30 11:30:00,67.18,100.00
129-04334,2021-03-30 11:40:00,66.29,100.00
129-04334,2021-03-30 11:50:00,65.30,100.00
129-04334,2021-03-30 12:00:00,68.66,100.00
129-04334,2021-03-30 12:10:00,67.77,100.00
129-04334,2021-03-30 12:20:00,69.24,100.00
129-04334,2021-03-30 12:30:00,70.56,100.00
129-04334,2021-03-30 12:40:00,66.67,100.00
129-04334,2021-03-30 12:50:00,67.69,100.00
129-04334,2021-03-30 13:00:00,68.69,100.00
129-04334,2021-03-30 13:10:00,69.28,100.00
129-04334,2021-03-30 13:20:00,66.04,100.00
129-04334,2021-03-30 13:30:00,67.78,100.00
129-04334,2021-03-30 13:40:00,69.38,100.00
129-04334,2021-03-30 13:50:00,66.48,100.00
129-04334,2021-03-30 14:00:00,68.59,100.00
129-04334,2021-03-30 14:10:00,66.90,100.00
129-04334,2021-03-30 14:20:00,66.59,100.00
129-04334,2021-03-30 14:30:00,67.29,100.00
129-04334,2021-03-30 14:40:00,64.29,100.00
129-04334,2021-03-30 14:50:00,65.57,100.00
129-04334,2021-03-30 15:00:00,66.38,100.00
129-04334,2021-03-30 15:10:00,67.11,100.00
129-04334,2021-03-30 15:20:00,66.56,100.00
129-04334,2021-03-30 15:30:00,67.07,100.00
129-04334,2021-03-30 15:40:00,66.70,100.00
129-04334,2021-03-30 15:50:00,67.64,100.00
129-04334,2021-03-30 16:00:00,64.78,100.00
129-04334,2021-03-30 16:10:00,66.68,100.00
129-04334,2021-03-30 16:20:00,68.96,100.00
129-04334,2021-03-30 16:30:00,68.89,100.00
129-04334,2021-03-30 16:40:00,70.08,100.00
129-04334,2021-03-30 16:50:00,69.38,100.00
129-04334,2021-03-30 17:00:00,68.93,100.00
129-04334,2021-03-30 17:10:00,69.29,100.00
129-04334,2021-03-30 17:20:00,68.59,100.00
129-04334,2021-03-30 17:30:00,67.39,100.00
129-04334,2021-03-30 17:40:00,69.70,100.00
129-04334,2021-03-30 17:50:00,70.78,100.00
129-04334,2021-03-30 18:00:00,70.38,100.00
129-04334,2021-03-30 18:10:00,71.19,100.00
129-04334,2021-03-30 18:20:00,69.70,100.00
129-04334,2021-03-30 18:30:00,68.04,100.00
129-04334,2021-03-30 18:40:00,65.20,100.00
129-04334,2021-03-30 18:50:00,66.60,100.00
129-04334,2021-03-30 19:00:00,68.76,100.00
129-04334,2021-03-30 19:10:00,66.68,100.00
129-04334,2021-03-30 19:20:00,66.76,100.00
129-04334,2021-03-30 19:30:00,65.99,100.00
129-04334,2021-03-30 19:40:00,62.80,100.00
129-04334,2021-03-30 19:50:00,63.19,100.00
129-04334,2021-03-30 20:00:00,65.94,100.00
129-04334,2021-03-30 20:10:00,67.18,100.00
129-04334,2021-03-30 20:20:00,65.49,100.00
129-04334,2021-03-30 20:30:00,63.28,100.00
129-04334,2021-03-30 20:40:00,60.58,100.00
129-04334,2021-03-30 20:50:00,61.89,100.00
129-04334,2021-03-30 21:00:00,61.48,100.00
129-04334,2021-03-30 21:10:00,62.30,100.00
129-04334,2021-03-30 21:20:00,60.50,100.00
129-04334,2021-03-30 21:30:00,59.60,100.00
129-04334,2021-03-30 21:40:00,55.89,100.00
129-04334,2021-03-30 21:50:00,56.38,100.00
129-04334,2021-03-30 22:00:00,57.40,97.00
129-04334,2021-03-30 22:10:00,60.93,95.00
129-04334,2021-03-30 22:20:00,61.20,93.00
129-04334,2021-03-30 22:30:00,61.75,98.00
129-04334,2021-03-30 22:40:00,62.00,100.00
129-04334,2021-03-30 22:50:00,65.78,100.00
129-04334,2021-03-30 23:00:00,65.80,100.00
129-04334,2021-03-30 23:10:00,67.31,100.00
129-04334,2021-03-30 23:20:00,69.90,94.00
129-04334,2021-03-30 23:30:00,68.10,90.00
129-04334,2021-03-30 23:40:00,62.17,90.00
129-04334,2021-03-30 23:50:00,60.00,90.00
129-04331,2021-03-30 00:00:00,67.16,100.00
129-04331,2021-03-30 00:10:00,61.97,100.00
129-04331,2021-03-30 00:20:00,53.40,94.00
129-04331,2021-03-30 00:30:00,53.66,98.00
129-04331,2021-03-30 00:40:00,53.00,100.00
129-04331,2021-03-30 00:50:00,56.99,100.00
129-04331,2021-03-30 01:00:00,64.69,100.00
129-04331,2021-03-30 01:10:00,65.08,100.00
129-04331,2021-03-30 01:20:00,65.70,97.00
129-04331,2021-03-30 01:30:00,63.39,90.00
129-04331,2021-03-30 01:40:00,62.00,90.00
129-04331,2021-03-30 01:50:00,59.90,94.00
129-04331,2021-03-30 02:00:00,57.00,92.00
129-04331,2021-03-30 02:10:00,62.08,96.00
129-04331,2021-03-30 02:20:00,66.90,91.00
129-04331,2021-03-30 02:30:00,66.66,98.00
129-04331,2021-03-30 02:40:00,62.10,100.00
129-04331,2021-03-30 02:50:00,60.77,99.00
129-04331,2021-03-30 03:00:00,58.10,90.00
129-04331,2021-03-30 03:10:00,60.70,90.00
129-04331,2021-03-30 03:20:00,52.99,95.00
129-04331,2021-03-30 03:30:00,50.10,81.00
129-04331,2021-03-30 03:40:00,51.49,80.00
129-04331,2021-03-30 03:50:00,58.33,92.00
129-04331,2021-03-30 04:00:00,60.00,91.00
129-04331,2021-03-30 04:10:00,60.00,90.00
129-04331,2021-03-30 04:20:00,60.00,90.00
129-04331,2021-03-30 04:30:00,64.88,98.00
129-04331,2021-03-30 04:40:00,67.70,100.00
129-04331,2021-03-30 04:50:00,67.00,99.00
129-04331,2021-03-30 05:00:00,64.96,90.00
129-04331,2021-03-30 05:10:00,51.75,92.00
129-04331,2021-03-30 05:20:00,59.69,100.00
129-04331,2021-03-30 05:30:00,69.16,100.00
129-04331,2021-03-30 05:40:00,70.07,100.00
129-04331,2021-03-30 05:50:00,67.90,100.00
129-04331,2021-03-30 06:00:00,68.96,100.00
129-04331,2021-03-30 06:10:00,65.99,100.00
129-04331,2021-03-30 06:20:00,67.27,100.00
129-04331,2021-03-30 06:30:00,66.96,100.00
129-04331,2021-03-30 06:40:00,69.14,100.00
129-04331,2021-03-30 06:50:00,70.37,100.00
129-04331,2021-03-30 07:00:00,69.57,100.00
129-04331,2021-03-30 07:10:00,64.99,100.00
129-04331,2021-03-30 07:20:00,69.06,100.00
129-04331,2021-03-30 07:30:00,67.76,100.00
129-04331,2021-03-30 07:40:00,65.23,100.00
129-04331,2021-03-30 07:50:00,63.04,100.00
129-04331,2021-03-30 08:00:00,64.06,100.00
129-04331,2021-03-30 08:10:00,62.74,100.00
129-04331,2021-03-30 08:20:00,61.59,100.00
129-04331,2021-03-30 08:30:00,66.84,100.00
129-04331,2021-03-30 08:40:00,66.64,100.00
129-04331,2021-03-30 08:50:00,66.00,100.00
129-04331,2021-03-30 09:00:00,63.59,100.00
129-04331,2021-03-30 09:10:00,63.99,100.00
129-04331,2021-03-30 09:20:00,67.16,100.00
129-04331,2021-03-30 09:30:00,66.68,100.00
129-04331,2021-03-30 09:40:00,65.77,100.00
129-04331,2021-03-30 09:50:00,66.15,100.00
129-04331,2021-03-30 10:00:00,64.49,100.00
129-04331,2021-03-30 10:10:00,66.30,100.00
129-04331,2021-03-30 10:20:00,67.48,100.00
129-04331,2021-03-30 10:30:00,63.38,100.00
129-04331,2021-03-30 10:40:00,65.73,100.00
129-04331,2021-03-30 10:50:00,64.86,100.00
129-04331,2021-03-30 11:00:00,68.82,100.00
129-04331,2021-03-30 11:10:00,66.31,100.00
129-04331,2021-03-30 11:20:00,67.20,100.00
129-04331,2021-03-30 11:30:00,65.86,100.00
129-04331,2021-03-30 11:40:00,62.39,100.00
129-04331,2021-03-30 11:50:00,59.21,100.00
129-04331,2021-03-30 12:00:00,63.26,100.00
129-04331,2021-03-30 12:10:00,66.34,100.00
129-04331,2021-03-30 12:20:00,67.24,100.00
129-04331,2021-03-30 12:30:00,65.02,100.00
129-04331,2021-03-30 12:40:00,66.42,100.00
129-04331,2021-03-30 12:50:00,68.18,100.00
129-04331,2021-03-30 13:00:00,69.46,100.00
129-04331,2021-03-30 13:10:00,64.37,100.00
129-04331,2021-03-30 13:20:00,64.53,100.00
129-04331,2021-03-30 13:30:00,66.09,100.00
129-04331,2021-03-30 13:40:00,66.64,100.00
129-04331,2021-03-30 13:50:00,66.37,100.00
129-04331,2021-03-30 14:00:00,63.73,100.00
129-04331,2021-03-30 14:10:00,69.09,100.00
129-04331,2021-03-30 14:20:00,67.53,100.00
129-04331,2021-03-30 14:30:00,68.48,100.00
129-04331,2021-03-30 14:40:00,66.42,100.00
129-04331,2021-03-30 14:50:00,64.36,100.00
129-04331,2021-03-30 15:00:00,64.67,100.00
129-04331,2021-03-30 15:10:00,67.45,100.00
129-04331,2021-03-30 15:20:00,64.78,100.00
129-04331,2021-03-30 15:30:00,64.38,100.00
129-04331,2021-03-30 15:40:00,64.62,100.00
129-04331,2021-03-30 15:50:00,66.78,100.00
129-04331,2021-03-30 16:00:00,66.26,100.00
129-04331,2021-03-30 16:10:00,67.69,100.00
129-04331,2021-03-30 16:20:00,68.94,100.00
129-04331,2021-03-30 16:30:00,67.53,100.00
129-04331,2021-03-30 16:40:00,67.56,100.00
129-04331,2021-03-30 16:50:00,66.75,100.00
129-04331,2021-03-30 17:00:00,67.17,100.00
129-04331,2021-03-30 17:10:00,65.94,100.00
129-04331,2021-03-30 17:20:00,66.98,100.00
129-04331,2021-03-30 17:30:00,65.84,100.00
129-04331,2021-03-30 17:40:00,65.66,100.00
129-04331,2021-03-30 17:50:00,68.87,100.00
129-04331,2021-03-30 18:00:00,68.48,100.00
129-04331,2021-03-30 18:10:00,68.80,100.00
129-04331,2021-03-30 18:20:00,65.55,100.00
129-04331,2021-03-30 18:30:00,67.34,100.00
129-04331,2021-03-30 18:40:00,65.67,100.00
129-04331,2021-03-30 18:50:00,63.98,100.00
129-04331,2021-03-30 19:00:00,65.63,100.00
129-04331,2021-03-30 19:10:00,66.69,100.00
129-04331,2021-03-30 19:20:00,66.19,100.00
129-04331,2021-03-30 19:30:00,68.88,100.00
129-04331,2021-03-30 19:40:00,62.11,100.00
129-04331,2021-03-30 19:50:00,67.07,100.00
129-04331,2021-03-30 20:00:00,68.10,100.00
129-04331,2021-03-30 20:10:00,68.48,100.00
129-04331,2021-03-30 20:20:00,67.49,100.00
129-04331,2021-03-30 20:30:00,66.50,100.00
129-04331,2021-03-30 20:40:00,67.60,100.00
129-04331,2021-03-30 20:50:00,63.15,100.00
129-04331,2021-03-30 21:00:00,61.80,100.00
129-04331,2021-03-30 21:10:00,62.89,100.00
129-04331,2021-03-30 21:20:00,65.90,100.00
129-04331,2021-03-30 21:30:00,64.50,100.00
129-04331,2021-03-30 21:40:00,62.27,100.00
129-04331,2021-03-30 21:50:00,61.60,100.00
129-04331,2021-03-30 22:00:00,60.30,100.00
129-04331,2021-03-30 22:10:00,60.29,95.00
129-04331,2021-03-30 22:20:00,63.70,98.00
129-04331,2021-03-30 22:30:00,62.80,92.00
129-04331,2021-03-30 22:40:00,61.90,100.00
129-04331,2021-03-30 22:50:00,62.33,100.00
129-04331,2021-03-30 23:00:00,66.00,97.00
129-04331,2021-03-30 23:10:00,65.67,91.00
129-04331,2021-03-30 23:20:00,70.40,98.00
129-04331,2021-03-30 23:30:00,70.70,90.00
129-04331,2021-03-30 23:40:00,68.06,90.00
129-04331,2021-03-30 23:50:00,66.00,90.00
129-04332,2021-03-30 00:00:00,68.00,100.00
129-04332,2021-03-30 00:10:00,66.47,100.00
129-04332,2021-03-30 00:20:00,65.00,100.00
129-04332,2021-03-30 00:30:00,59.84,99.00
129-04332,2021-03-30 00:40:00,58.70,90.00
129-04332,2021-03-30 00:50:00,58.38,97.50
129-04332,2021-03-30 01:00:00,63.00,100.00
129-04332,2021-03-30 01:10:00,63.00,100.00
129-04332,2021-03-30 01:20:00,61.49,96.00
129-04332,2021-03-30 01:30:00,60.00,90.00
129-04332,2021-03-30 01:40:00,60.00,90.00
129-04332,2021-03-30 01:50:00,57.00,100.00
129-04332,2021-03-30 02:00:00,57.00,90.50
129-04332,2021-03-30 02:10:00,62.84,98.00
129-04332,2021-03-30 02:20:00,66.20,92.00
129-04332,2021-03-30 02:30:00,67.99,100.00
129-04332,2021-03-30 02:40:00,68.00,100.00
129-04332,2021-03-30 02:50:00,66.79,100.00
129-04332,2021-03-30 03:00:00,63.98,98.00
129-04332,2021-03-30 03:10:00,57.00,90.00
129-04332,2021-03-30 03:20:00,57.78,90.00
129-04332,2021-03-30 03:30:00,59.00,90.00
129-04332,2021-03-30 03:40:00,59.00,90.00
129-04332,2021-03-30 03:50:00,,
129-04332,2021-03-30 04:00:00,,
129-04332,2021-03-30 04:10:00,,
129-04332,2021-03-30 04:20:00,,
129-04332,2021-03-30 04:30:00,66.96,100.00
129-04332,2021-03-30 04:40:00,68.00,100.00
129-04332,2021-03-30 04:50:00,68.00,98.00
129-04332,2021-03-30 05:00:00,65.28,90.00
129-04332,2021-03-30 05:10:00,63.52,93.00
129-04332,2021-03-30 05:20:00,66.98,100.00
129-04332,2021-03-30 05:30:00,69.09,100.00
129-04332,2021-03-30 05:40:00,68.77,100.00
129-04332,2021-03-30 05:50:00,67.46,100.00
129-04332,2021-03-30 06:00:00,67.27,100.00
129-04332,2021-03-30 06:10:00,64.96,100.00
129-04332,2021-03-30 06:20:00,67.57,100.00
129-04332,2021-03-30 06:30:00,66.79,100.00
129-04332,2021-03-30 06:40:00,70.18,100.00
129-04332,2021-03-30 06:50:00,71.29,100.00
129-04332,2021-03-30 07:00:00,67.36,100.00
129-04332,2021-03-30 07:10:00,64.19,100.00
129-04332,2021-03-30 07:20:00,70.09,100.00
129-04332,2021-03-30 07:30:00,70.70,100.00
129-04332,2021-03-30 07:40:00,67.85,100.00
129-04332,2021-03-30 07:50:00,65.58,100.00
129-04332,2021-03-30 08:00:00,67.48,100.00
129-04332,2021-03-30 08:10:00,60.81,100.00
129-04332,2021-03-30 08:20:00,66.98,100.00
129-04332,2021-03-30 08:30:00,69.28,100.00
129-04332,2021-03-30 08:40:00,66.58,100.00
129-04332,2021-03-30 08:50:00,66.99,100.00
129-04332,2021-03-30 09:00:00,65.68,100.00
129-04332,2021-03-30 09:10:00,66.29,100.00
129-04332,2021-03-30 09:20:00,67.77,100.00
129-04332,2021-03-30 09:30:00,66.67,100.00
129-04332,2021-03-30 09:40:00,67.08,100.00
129-04332,2021-03-30 09:50:00,65.47,100.00
129-04332,2021-03-30 10:00:00,65.39,100.00
129-04332,2021-03-30 10:10:00,69.34,100.00
129-04332,2021-03-30 10:20:00,66.58,100.00
129-04332,2021-03-30 10:30:00,65.20,100.00
129-04332,2021-03-30 10:40:00,65.27,100.00
129-04332,2021-03-30 10:50:00,64.27,100.00
129-04332,2021-03-30 11:00:00,67.89,100.00
129-04332,2021-03-30 11:10:00,65.43,100.00
129-04332,2021-03-30 11:20:00,67.03,100.00
129-04332,2021-03-30 11:30:00,66.28,100.00
129-04332,2021-03-30 11:40:00,64.38,100.00
129-04332,2021-03-30 11:50:00,64.08,100.00
129-04332,2021-03-30 12:00:00,64.91,100.00
129-04332,2021-03-30 12:10:00,67.08,100.00
129-04332,2021-03-30 12:20:00,68.97,100.00
129-04332,2021-03-30 12:30:00,66.66,100.00
129-04332,2021-03-30 12:40:00,66.47,100.00
129-04332,2021-03-30 12:50:00,67.87,100.00
129-04332,2021-03-30 13:00:00,67.27,100.00
129-04332,2021-03-30 13:10:00,66.27,100.00
129-04332,2021-03-30 13:20:00,63.52,100.00
129-04332,2021-03-30 13:30:00,66.40,100.00
129-04332,2021-03-30 13:40:00,65.89,100.00
129-04332,2021-03-30 13:50:00,68.64,100.00
129-04332,2021-03-30 14:00:00,66.24,100.00
129-04332,2021-03-30 14:10:00,64.43,100.00
129-04332,2021-03-30 14:20:00,67.48,100.00
129-04332,2021-03-30 14:30:00,69.18,100.00
129-04332,2021-03-30 14:40:00,66.90,100.00
129-04332,2021-03-30 14:50:00,63.96,100.00
129-04332,2021-03-30 15:00:00,68.60,100.00
129-04332,2021-03-30 15:10:00,67.24,100.00
129-04332,2021-03-30 15:20:00,67.48,100.00
129-04332,2021-03-30 15:30:00,67.69,100.00
129-04332,2021-03-30 15:40:00,66.97,100.00
129-04332,2021-03-30 15:50:00,65.86,100.00
129-04332,2021-03-30 16:00:00,65.77,100.00
129-04332,2021-03-30 16:10:00,66.49,100.00
129-04332,2021-03-30 16:20:00,66.45,100.00
129-04332,2021-03-30 16:30:00,66.08,100.00
129-04332,2021-03-30 16:40:00,68.67,100.00
129-04332,2021-03-30 16:50:00,68.47,100.00
129-04332,2021-03-30 17:00:00,68.89,100.00
129-04332,2021-03-30 17:10:00,66.78,100.00
129-04332,2021-03-30 17:20:00,68.39,100.00
129-04332,2021-03-30 17:30:00,65.38,100.00
129-04332,2021-03-30 17:40:00,67.19,100.00
129-04332,2021-03-30 17:50:00,70.69,100.00
129-04332,2021-03-30 18:00:00,67.68,100.00
129-04332,2021-03-30 18:10:00,68.20,100.00
129-04332,2021-03-30 18:20:00,66.79,100.00
129-04332,2021-03-30 18:30:00,70.18,100.00
129-04332,2021-03-30 18:40:00,67.18,100.00
129-04332,2021-03-30 18:50:00,67.50,100.00
129-04332,2021-03-30 19:00:00,68.17,100.00
129-04332,2021-03-30 19:10:00,67.38,100.00
129-04332,2021-03-30 19:20:00,67.99,100.00
129-04332,2021-03-30 19:30:00,68.38,100.00
129-04332,2021-03-30 19:40:00,65.10,100.00
129-04332,2021-03-30 19:50:00,66.89,100.00
129-04332,2021-03-30 20:00:00,68.00,100.00
129-04332,2021-03-30 20:10:00,68.79,100.00
129-04332,2021-03-30 20:20:00,67.50,100.00
129-04332,2021-03-30 20:30:00,66.90,100.00
129-04332,2021-03-30 20:40:00,64.09,100.00
129-04332,2021-03-30 20:50:00,61.90,100.00
129-04332,2021-03-30 21:00:00,61.70,100.00
129-04332,2021-03-30 21:10:00,60.78,100.00
129-04332,2021-03-30 21:20:00,62.60,100.00
129-04332,2021-03-30 21:30:00,62.00,100.00
129-04332,2021-03-30 21:40:00,61.09,100.00
129-04332,2021-03-30 21:50:00,59.90,100.00
129-04332,2021-03-30 22:00:00,59.10,100.00
129-04332,2021-03-30 22:10:00,60.59,87.80
129-04332,2021-03-30 22:20:00,61.50,88.60
129-04332,2021-03-30 22:30:00,61.79,94.00
129-04332,2021-03-30 22:40:00,62.00,100.00
129-04332,2021-03-30 22:50:00,63.35,100.00
129-04332,2021-03-30 23:00:00,65.10,94.00
129-04332,2021-03-30 23:10:00,65.45,88.60
129-04332,2021-03-30 23:20:00,70.00,97.00
129-04332,2021-03-30 23:30:00,69.29,90.00
129-04332,2021-03-30 23:40:00,65.54,90.00
129-04332,2021-03-30 23:50:00,63.00,90.00
129N04327,2021-03-30 00:00:00,59.67,100.00
129N04327,2021-03-30 00:10:00,58.59,100.00
129N04327,2021-03-30 00:20:00,57.48,100.00
129N04327,2021-03-30 00:30:00,64.98,100.00
129N04327,2021-03-30 00:40:00,60.46,100.00
129N04327,2021-03-30 00:50:00,55.33,100.00
129N04327,2021-03-30 01:00:00,60.18,100.00
129N04327,2021-03-30 01:10:00,61.68,100.00
129N04327,2021-03-30 01:20:00,59.33,100.00
129N04327,2021-03-30 01:30:00,54.42,100.00
129N04327,2021-03-30 01:40:00,65.69,98.00
129N04327,2021-03-30 01:50:00,65.80,99.00
129N04327,2021-03-30 02:00:00,64.69,100.00
129N04327,2021-03-30 02:10:00,67.06,97.00
129N04327,2021-03-30 02:20:00,66.79,100.00
129N04327,2021-03-30 02:30:00,64.39,100.00
129N04327,2021-03-30 02:40:00,63.00,100.00
129N04327,2021-03-30 02:50:00,62.90,100.00
129N04327,2021-03-30 03:00:00,62.60,98.00
129N04327,2021-03-30 03:10:00,60.77,90.00
129N04327,2021-03-30 03:20:00,57.90,91.00
129N04327,2021-03-30 03:30:00,56.80,98.00
129N04327,2021-03-30 03:40:00,57.59,98.00
129N04327,2021-03-30 03:50:00,57.32,100.00
129N04327,2021-03-30 04:00:00,64.66,100.00
129N04327,2021-03-30 04:10:00,66.49,100.00
129N04327,2021-03-30 04:20:00,65.69,100.00
129N04327,2021-03-30 04:30:00,63.71,100.00
129N04327,2021-03-30 04:40:00,69.59,100.00
129N04327,2021-03-30 04:50:00,68.39,100.00
129N04327,2021-03-30 05:00:00,67.59,100.00
129N04327,2021-03-30 05:10:00,61.57,100.00
129N04327,2021-03-30 05:20:00,67.49,100.00
129N04327,2021-03-30 05:30:00,64.44,100.00
129N04327,2021-03-30 05:40:00,65.18,100.00
129N04327,2021-03-30 05:50:00,64.33,100.00
129N04327,2021-03-30 06:00:00,66.12,100.00
129N04327,2021-03-30 06:10:00,65.37,100.00
129N04327,2021-03-30 06:20:00,65.17,100.00
129N04327,2021-03-30 06:30:00,64.91,100.00
129N04327,2021-03-30 06:40:00,67.27,100.00
129N04327,2021-03-30 06:50:00,63.21,100.00
129N04327,2021-03-30 07:00:00,63.42,100.00
129N04327,2021-03-30 07:10:00,64.95,100.00
129N04327,2021-03-30 07:20:00,62.15,100.00
129N04327,2021-03-30 07:30:00,63.19,100.00
129N04327,2021-03-30 07:40:00,61.06,100.00
129N04327,2021-03-30 07:50:00,62.11,100.00
129N04327,2021-03-30 08:00:00,59.81,100.00
129N04327,2021-03-30 08:10:00,61.75,100.00
129N04327,2021-03-30 08:20:00,63.55,100.00
129N04327,2021-03-30 08:30:00,61.59,100.00
129N04327,2021-03-30 08:40:00,63.03,100.00
129N04327,2021-03-30 08:50:00,63.32,100.00
129N04327,2021-03-30 09:00:00,61.11,100.00
129N04327,2021-03-30 09:10:00,61.87,100.00
129N04327,2021-03-30 09:20:00,60.33,100.00
129N04327,2021-03-30 09:30:00,61.65,100.00
129N04327,2021-03-30 09:40:00,63.53,100.00
129N04327,2021-03-30 09:50:00,62.21,100.00
129N04327,2021-03-30 10:00:00,63.80,100.00
129N04327,2021-03-30 10:10:00,57.71,100.00
129N04327,2021-03-30 10:20:00,63.69,100.00
129N04327,2021-03-30 10:30:00,62.29,100.00
129N04327,2021-03-30 10:40:00,62.04,100.00
129N04327,2021-03-30 10:50:00,61.31,100.00
129N04327,2021-03-30 11:00:00,61.81,100.00
129N04327,2021-03-30 11:10:00,59.38,100.00
129N04327,2021-03-30 11:20:00,60.60,100.00
129N04327,2021-03-30 11:30:00,59.70,100.00
129N04327,2021-03-30 11:40:00,62.67,100.00
129N04327,2021-03-30 11:50:00,61.08,100.00
129N04327,2021-03-30 12:00:00,62.76,100.00
129N04327,2021-03-30 12:10:00,58.64,100.00
129N04327,2021-03-30 12:20:00,62.05,100.00
129N04327,2021-03-30 12:30:00,62.64,100.00
129N04327,2021-03-30 12:40:00,59.06,100.00
129N04327,2021-03-30 12:50:00,63.52,100.00
129N04327,2021-03-30 13:00:00,60.03,100.00
129N04327,2021-03-30 13:10:00,60.68,100.00
129N04327,2021-03-30 13:20:00,60.97,100.00
129N04327,2021-03-30 13:30:00,61.86,100.00
129N04327,2021-03-30 13:40:00,61.87,100.00
129N04327,2021-03-30 13:50:00,59.84,100.00
129N04327,2021-03-30 14:00:00,62.59,100.00
129N04327,2021-03-30 14:10:00,63.56,100.00
129N04327,2021-03-30 14:20:00,61.35,100.00
129N04327,2021-03-30 14:30:00,61.36,100.00
129N04327,2021-03-30 14:40:00,61.04,100.00
129N04327,2021-03-30 14:50:00,60.80,100.00
129N04327,2021-03-30 15:00:00,61.10,100.00
129N04327,2021-03-30 15:10:00,60.93,100.00
129N04327,2021-03-30 15:20:00,59.26,100.00
129N04327,2021-03-30 15:30:00,60.65,100.00
129N04327,2021-03-30 15:40:00,56.11,100.00
129N04327,2021-03-30 15:50:00,57.15,100.00
129N04327,2021-03-30 16:00:00,57.03,100.00
129N04327,2021-03-30 16:10:00,58.67,100.00
129N04327,2021-03-30 16:20:00,57.18,100.00
129N04327,2021-03-30 16:30:00,58.01,100.00
129N04327,2021-03-30 16:40:00,58.99,100.00
129N04327,2021-03-30 16:50:00,59.07,100.00
129N04327,2021-03-30 17:00:00,61.57,100.00
129N04327,2021-03-30 17:10:00,60.51,100.00
129N04327,2021-03-30 17:20:00,57.83,100.00
129N04327,2021-03-30 17:30:00,56.93,100.00
129N04327,2021-03-30 17:40:00,57.09,100.00
129N04327,2021-03-30 17:50:00,61.22,100.00
129N04327,2021-03-30 18:00:00,63.66,100.00
129N04327,2021-03-30 18:10:00,63.28,100.00
129N04327,2021-03-30 18:20:00,58.87,100.00
129N04327,2021-03-30 18:30:00,60.51,100.00
129N04327,2021-03-30 18:40:00,63.88,100.00
129N04327,2021-03-30 18:50:00,61.32,100.00
129N04327,2021-03-30 19:00:00,63.17,100.00
129N04327,2021-03-30 19:10:00,63.73,100.00
129N04327,2021-03-30 19:20:00,63.27,100.00
129N04327,2021-03-30 19:30:00,61.74,100.00
129N04327,2021-03-30 19:40:00,62.87,100.00
129N04327,2021-03-30 19:50:00,60.32,100.00
129N04327,2021-03-30 20:00:00,65.61,100.00
129N04327,2021-03-30 20:10:00,65.06,100.00
129N04327,2021-03-30 20:20:00,61.57,100.00
129N04327,2021-03-30 20:30:00,63.29,100.00
129N04327,2021-03-30 20:40:00,63.89,100.00
129N04327,2021-03-30 20:50:00,65.00,100.00
129N04327,2021-03-30 21:00:00,61.07,100.00
129N04327,2021-03-30 21:10:00,61.98,100.00
129N04327,2021-03-30 21:20:00,61.00,100.00
129N04327,2021-03-30 21:30:00,59.69,100.00
129N04327,2021-03-30 21:40:00,61.98,100.00
129N04327,2021-03-30 21:50:00,64.31,100.00
129N04327,2021-03-30 22:00:00,64.88,100.00
129N04327,2021-03-30 22:10:00,61.78,100.00
129N04327,2021-03-30 22:20:00,60.17,100.00
129N04327,2021-03-30 22:30:00,62.38,100.00
129N04327,2021-03-30 22:40:00,62.40,100.00
129N04327,2021-03-30 22:50:00,62.09,100.00
129N04327,2021-03-30 23:00:00,61.86,100.00
129N04327,2021-03-30 23:10:00,57.62,100.00
129N04327,2021-03-30 23:20:00,55.37,100.00
129N04327,2021-03-30 23:30:00,54.74,100.00
129N04327,2021-03-30 23:40:00,57.30,100.00
129N04327,2021-03-30 23:50:00,61.26,100.00
129N04328,2021-03-30 00:00:00,50.77,100.00
129N04328,2021-03-30 00:10:00,52.28,100.00
129N04328,2021-03-30 00:20:00,50.95,100.00
129N04328,2021-03-30 00:30:00,54.58,100.00
129N04328,2021-03-30 00:40:00,54.55,100.00
129N04328,2021-03-30 00:50:00,54.78,100.00
129N04328,2021-03-30 01:00:00,56.88,100.00
129N04328,2021-03-30 01:10:00,51.70,100.00
129N04328,2021-03-30 01:20:00,49.11,100.00
129N04328,2021-03-30 01:30:00,45.42,99.00
129N04328,2021-03-30 01:40:00,62.59,100.00
129N04328,2021-03-30 01:50:00,61.00,100.00
129N04328,2021-03-30 02:00:00,59.59,100.00
129N04328,2021-03-30 02:10:00,64.18,97.00
129N04328,2021-03-30 02:20:00,65.00,100.00
129N04328,2021-03-30 02:30:00,64.59,100.00
129N04328,2021-03-30 02:40:00,63.75,100.00
129N04328,2021-03-30 02:50:00,60.18,100.00
129N04328,2021-03-30 03:00:00,58.51,100.00
129N04328,2021-03-30 03:10:00,51.00,100.00
129N04328,2021-03-30 03:20:00,51.37,99.00
129N04328,2021-03-30 03:30:00,55.30,96.00
129N04328,2021-03-30 03:40:00,52.77,90.00
129N04328,2021-03-30 03:50:00,51.75,98.00
129N04328,2021-03-30 04:00:00,59.46,100.00
129N04328,2021-03-30 04:10:00,63.59,100.00
129N04328,2021-03-30 04:20:00,63.06,100.00
129N04328,2021-03-30 04:30:00,62.05,100.00
129N04328,2021-03-30 04:40:00,69.77,100.00
129N04328,2021-03-30 04:50:00,68.99,100.00
129N04328,2021-03-30 05:00:00,66.59,100.00
129N04328,2021-03-30 05:10:00,59.54,100.00
129N04328,2021-03-30 05:20:00,62.35,100.00
129N04328,2021-03-30 05:30:00,60.42,100.00
129N04328,2021-03-30 05:40:00,62.76,100.00
129N04328,2021-03-30 05:50:00,61.13,100.00
129N04328,2021-03-30 06:00:00,61.80,100.00
129N04328,2021-03-30 06:10:00,60.65,100.00
129N04328,2021-03-30 06:20:00,59.91,100.00
129N04328,2021-03-30 06:30:00,61.07,100.00
129N04328,2021-03-30 06:40:00,61.49,100.00
129N04328,2021-03-30 06:50:00,58.81,100.00
129N04328,2021-03-30 07:00:00,58.23,100.00
129N04328,2021-03-30 07:10:00,58.75,100.00
129N04328,2021-03-30 07:20:00,54.56,100.00
129N04328,2021-03-30 07:30:00,54.65,100.00
129N04328,2021-03-30 07:40:00,54.25,100.00
129N04328,2021-03-30 07:50:00,55.97,100.00
129N04328,2021-03-30 08:00:00,55.68,100.00
129N04328,2021-03-30 08:10:00,54.19,100.00
129N04328,2021-03-30 08:20:00,55.22,100.00
129N04328,2021-03-30 08:30:00,53.16,100.00
129N04328,2021-03-30 08:40:00,54.02,100.00
129N04328,2021-03-30 08:50:00,54.58,100.00
129N04328,2021-03-30 09:00:00,54.30,100.00
129N04328,2021-03-30 09:10:00,55.20,100.00
129N04328,2021-03-30 09:20:00,52.28,100.00
129N04328,2021-03-30 09:30:00,56.43,100.00
129N04328,2021-03-30 09:40:00,57.43,100.00
129N04328,2021-03-30 09:50:00,56.67,100.00
129N04328,2021-03-30 10:00:00,54.25,100.00
129N04328,2021-03-30 10:10:00,54.09,100.00
129N04328,2021-03-30 10:20:00,58.78,100.00
129N04328,2021-03-30 10:30:00,51.97,100.00
129N04328,2021-03-30 10:40:00,53.13,100.00
129N04328,2021-03-30 10:50:00,56.43,100.00
129N04328,2021-03-30 11:00:00,54.89,100.00
129N04328,2021-03-30 11:10:00,52.17,100.00
129N04328,2021-03-30 11:20:00,52.63,100.00
129N04328,2021-03-30 11:30:00,54.46,100.00
129N04328,2021-03-30 11:40:00,51.81,100.00
129N04328,2021-03-30 11:50:00,54.69,100.00
129N04328,2021-03-30 12:00:00,54.26,100.00
129N04328,2021-03-30 12:10:00,50.57,100.00
129N04328,2021-03-30 12:20:00,52.66,100.00
129N04328,2021-03-30 12:30:00,51.10,100.00
129N04328,2021-03-30 12:40:00,51.46,100.00
129N04328,2021-03-30 12:50:00,54.78,100.00
129N04328,2021-03-30 13:00:00,48.60,100.00
129N04328,2021-03-30 13:10:00,52.80,100.00
129N04328,2021-03-30 13:20:00,53.05,100.00
129N04328,2021-03-30 13:30:00,50.05,100.00
129N04328,2021-03-30 13:40:00,48.35,100.00
129N04328,2021-03-30 13:50:00,49.33,100.00
129N04328,2021-03-30 14:00:00,51.36,100.00
129N04328,2021-03-30 14:10:00,49.89,100.00
129N04328,2021-03-30 14:20:00,48.30,100.00
129N04328,2021-03-30 14:30:00,46.66,100.00
129N04328,2021-03-30 14:40:00,47.93,100.00
129N04328,2021-03-30 14:50:00,45.45,100.00
129N04328,2021-03-30 15:00:00,46.13,100.00
129N04328,2021-03-30 15:10:00,42.27,100.00
129N04328,2021-03-30 15:20:00,31.56,99.00
129N04328,2021-03-30 15:30:00,42.49,100.00
129N04328,2021-03-30 15:40:00,37.31,100.00
129N04328,2021-03-30 15:50:00,39.78,100.00
129N04328,2021-03-30 16:00:00,44.03,100.00
129N04328,2021-03-30 16:10:00,38.53,100.00
129N04328,2021-03-30 16:20:00,24.08,95.00
129N04328,2021-03-30 16:30:00,37.98,99.00
129N04328,2021-03-30 16:40:00,38.23,100.00
129N04328,2021-03-30 16:50:00,46.38,100.00
129N04328,2021-03-30 17:00:00,48.23,100.00
129N04328,2021-03-30 17:10:00,45.54,100.00
129N04328,2021-03-30 17:20:00,38.94,100.00
129N04328,2021-03-30 17:30:00,40.68,100.00
129N04328,2021-03-30 17:40:00,42.55,100.00
129N04328,2021-03-30 17:50:00,49.92,100.00
129N04328,2021-03-30 18:00:00,53.92,100.00
129N04328,2021-03-30 18:10:00,52.27,100.00
129N04328,2021-03-30 18:20:00,50.12,100.00
129N04328,2021-03-30 18:30:00,57.36,100.00
129N04328,2021-03-30 18:40:00,56.67,100.00
129N04328,2021-03-30 18:50:00,51.98,100.00
129N04328,2021-03-30 19:00:00,57.54,100.00
129N04328,2021-03-30 19:10:00,50.91,100.00
129N04328,2021-03-30 19:20:00,51.75,100.00
129N04328,2021-03-30 19:30:00,51.62,100.00
129N04328,2021-03-30 19:40:00,57.30,100.00
129N04328,2021-03-30 19:50:00,45.54,100.00
129N04328,2021-03-30 20:00:00,53.68,100.00
129N04328,2021-03-30 20:10:00,52.50,100.00
129N04328,2021-03-30 20:20:00,50.40,100.00
129N04328,2021-03-30 20:30:00,52.18,100.00
129N04328,2021-03-30 20:40:00,52.85,100.00
129N04328,2021-03-30 20:50:00,55.98,100.00
129N04328,2021-03-30 21:00:00,49.70,100.00
129N04328,2021-03-30 21:10:00,50.49,100.00
129N04328,2021-03-30 21:20:00,51.22,100.00
129N04328,2021-03-30 21:30:00,54.47,100.00
129N04328,2021-03-30 21:40:00,55.98,100.00
129N04328,2021-03-30 21:50:00,56.48,100.00
129N04328,2021-03-30 22:00:00,55.19,100.00
129N04328,2021-03-30 22:10:00,53.97,100.00
129N04328,2021-03-30 22:20:00,56.98,100.00
129N04328,2021-03-30 22:30:00,54.93,100.00
129N04328,2021-03-30 22:40:00,52.70,100.00
129N04328,2021-03-30 22:50:00,54.14,100.00
129N04328,2021-03-30 23:00:00,54.35,100.00
129N04328,2021-03-30 23:10:00,54.26,100.00
129N04328,2021-03-30 23:20:00,53.17,100.00
129N04328,2021-03-30 23:30:00,53.20,100.00
129N04328,2021-03-30 23:40:00,52.80,100.00
129N04328,2021-03-30 23:50:00,48.06,100.00
129N04666,2021-03-30 00:00:00,60.71,100.00
129N04666,2021-03-30 00:10:00,61.19,100.00
129N04666,2021-03-30 00:20:00,57.14,100.00
129N04666,2021-03-30 00:30:00,52.82,99.00
129N04666,2021-03-30 00:40:00,53.00,100.00
129N04666,2021-03-30 00:50:00,53.88,100.00
129N04666,2021-03-30 01:00:00,63.42,100.00
129N04666,2021-03-30 01:10:00,65.59,100.00
129N04666,2021-03-30 01:20:00,66.19,99.00
129N04666,2021-03-30 01:30:00,64.39,93.00
129N04666,2021-03-30 01:40:00,61.98,95.00
129N04666,2021-03-30 01:50:00,59.29,90.00
129N04666,2021-03-30 02:00:00,55.58,99.00
129N04666,2021-03-30 02:10:00,58.72,100.00
129N04666,2021-03-30 02:20:00,65.39,98.00
129N04666,2021-03-30 02:30:00,67.99,96.00
129N04666,2021-03-30 02:40:00,67.00,100.00
129N04666,2021-03-30 02:50:00,59.70,100.00
129N04666,2021-03-30 03:00:00,55.33,94.00
129N04666,2021-03-30 03:10:00,56.00,97.00
129N04666,2021-03-30 03:20:00,56.78,94.00
129N04666,2021-03-30 03:30:00,58.00,93.00
129N04666,2021-03-30 03:40:00,53.69,98.00
129N04666,2021-03-30 03:50:00,45.01,96.00
129N04666,2021-03-30 04:00:00,54.57,100.00
129N04666,2021-03-30 04:10:00,55.19,100.00
129N04666,2021-03-30 04:20:00,56.41,100.00
129N04666,2021-03-30 04:30:00,61.92,100.00
129N04666,2021-03-30 04:40:00,67.00,100.00
129N04666,2021-03-30 04:50:00,68.16,98.00
129N04666,2021-03-30 05:00:00,70.59,100.00
129N04666,2021-03-30 05:10:00,55.05,100.00
129N04666,2021-03-30 05:20:00,62.04,100.00
129N04666,2021-03-30 05:30:00,68.93,100.00
129N04666,2021-03-30 05:40:00,66.82,100.00
129N04666,2021-03-30 05:50:00,66.11,100.00
129N04666,2021-03-30 06:00:00,67.54,100.00
129N04666,2021-03-30 06:10:00,65.32,100.00
129N04666,2021-03-30 06:20:00,61.96,100.00
129N04666,2021-03-30 06:30:00,65.97,100.00
129N04666,2021-03-30 06:40:00,62.97,100.00
129N04666,2021-03-30 06:50:00,66.47,100.00
129N04666,2021-03-30 07:00:00,63.49,100.00
129N04666,2021-03-30 07:10:00,63.83,100.00
129N04666,2021-03-30 07:20:00,63.44,100.00
129N04666,2021-03-30 07:30:00,61.41,100.00
129N04666,2021-03-30 07:40:00,62.53,100.00
129N04666,2021-03-30 07:50:00,61.54,100.00
129N04666,2021-03-30 08:00:00,60.88,100.00
129N04666,2021-03-30 08:10:00,62.18,100.00
129N04666,2021-03-30 08:20:00,59.12,100.00
129N04666,2021-03-30 08:30:00,62.54,100.00
129N04666,2021-03-30 08:40:00,62.02,100.00
129N04666,2021-03-30 08:50:00,59.66,100.00
129N04666,2021-03-30 09:00:00,61.63,100.00
129N04666,2021-03-30 09:10:00,59.92,100.00
129N04666,2021-03-30 09:20:00,62.13,100.00
129N04666,2021-03-30 09:30:00,62.16,100.00
129N04666,2021-03-30 09:40:00,64.53,100.00
129N04666,2021-03-30 09:50:00,61.77,100.00
129N04666,2021-03-30 10:00:00,61.27,100.00
129N04666,2021-03-30 10:10:00,63.00,100.00
129N04666,2021-03-30 10:20:00,61.61,100.00
129N04666,2021-03-30 10:30:00,61.63,100.00
129N04666,2021-03-30 10:40:00,63.94,100.00
129N04666,2021-03-30 10:50:00,57.72,100.00
129N04666,2021-03-30 11:00:00,65.35,100.00
129N04666,2021-03-30 11:10:00,60.41,100.00
129N04666,2021-03-30 11:20:00,60.58,100.00
129N04666,2021-03-30 11:30:00,59.76,100.00
129N04666,2021-03-30 11:40:00,60.45,100.00
129N04666,2021-03-30 11:50:00,56.98,100.00
129N04666,2021-03-30 12:00:00,60.75,100.00
129N04666,2021-03-30 12:10:00,63.72,100.00
129N04666,2021-03-30 12:20:00,64.15,100.00
129N04666,2021-03-30 12:30:00,60.29,100.00
129N04666,2021-03-30 12:40:00,62.82,100.00
129N04666,2021-03-30 12:50:00,59.92,100.00
129N04666,2021-03-30 13:00:00,58.71,100.00
129N04666,2021-03-30 13:10:00,58.43,100.00
129N04666,2021-03-30 13:20:00,59.91,100.00
129N04666,2021-03-30 13:30:00,59.19,100.00
129N04666,2021-03-30 13:40:00,60.89,100.00
129N04666,2021-03-30 13:50:00,62.92,100.00
129N04666,2021-03-30 14:00:00,58.21,100.00
129N04666,2021-03-30 14:10:00,60.62,100.00
129N04666,2021-03-30 14:20:00,59.54,100.00
129N04666,2021-03-30 14:30:00,63.06,100.00
129N04666,2021-03-30 14:40:00,60.16,100.00
129N04666,2021-03-30 14:50:00,58.88,100.00
129N04666,2021-03-30 15:00:00,61.66,100.00
129N04666,2021-03-30 15:10:00,62.53,100.00
129N04666,2021-03-30 15:20:00,57.47,100.00
129N04666,2021-03-30 15:30:00,56.78,100.00
129N04666,2021-03-30 15:40:00,55.33,100.00
129N04666,2021-03-30 15:50:00,57.03,100.00
129N04666,2021-03-30 16:00:00,55.70,100.00
129N04666,2021-03-30 16:10:00,58.30,100.00
129N04666,2021-03-30 16:20:00,60.06,100.00
129N04666,2021-03-30 16:30:00,57.97,100.00
129N04666,2021-03-30 16:40:00,58.96,100.00
129N04666,2021-03-30 16:50:00,57.58,100.00
129N04666,2021-03-30 17:00:00,60.22,100.00
129N04666,2021-03-30 17:10:00,58.35,100.00
129N04666,2021-03-30 17:20:00,57.52,100.00
129N04666,2021-03-30 17:30:00,57.23,100.00
129N04666,2021-03-30 17:40:00,61.38,100.00
129N04666,2021-03-30 17:50:00,59.56,100.00
129N04666,2021-03-30 18:00:00,60.10,100.00
129N04666,2021-03-30 18:10:00,61.97,100.00
129N04666,2021-03-30 18:20:00,59.56,100.00
129N04666,2021-03-30 18:30:00,64.46,100.00
129N04666,2021-03-30 18:40:00,65.57,100.00
129N04666,2021-03-30 18:50:00,65.55,100.00
129N04666,2021-03-30 19:00:00,63.93,100.00
129N04666,2021-03-30 19:10:00,61.63,100.00
129N04666,2021-03-30 19:20:00,58.12,100.00
129N04666,2021-03-30 19:30:00,62.75,100.00
129N04666,2021-03-30 19:40:00,61.54,100.00
129N04666,2021-03-30 19:50:00,63.15,100.00
129N04666,2021-03-30 20:00:00,64.39,100.00
129N04666,2021-03-30 20:10:00,64.96,100.00
129N04666,2021-03-30 20:20:00,63.79,100.00
129N04666,2021-03-30 20:30:00,64.79,100.00
129N04666,2021-03-30 20:40:00,61.96,100.00
129N04666,2021-03-30 20:50:00,59.47,100.00
129N04666,2021-03-30 21:00:00,59.05,100.00
129N04666,2021-03-30 21:10:00,56.88,100.00
129N04666,2021-03-30 21:20:00,59.49,100.00
129N04666,2021-03-30 21:30:00,57.00,100.00
129N04666,2021-03-30 21:40:00,52.09,100.00
129N04666,2021-03-30 21:50:00,52.06,100.00
129N04666,2021-03-30 22:00:00,53.50,100.00
129N04666,2021-03-30 22:10:00,54.08,100.00
129N04666,2021-03-30 22:20:00,59.77,100.00
129N04666,2021-03-30 22:30:00,59.20,100.00
129N04666,2021-03-30 22:40:00,58.69,100.00
129N04666,2021-03-30 22:50:00,55.57,100.00
129N04666,2021-03-30 23:00:00,59.97,100.00
129N04666,2021-03-30 23:10:00,65.34,100.00
129N04666,2021-03-30 23:20:00,68.39,100.00
129N04666,2021-03-30 23:30:00,67.00,100.00
129N04666,2021-03-30 23:40:00,55.37,99.00
129N04666,2021-03-30 23:50:00,51.69,100.00
129N04667,2021-03-30 00:00:00,59.09,100.00
129N04667,2021-03-30 00:10:00,63.00,100.00
129N04667,2021-03-30 00:20:00,60.17,100.00
129N04667,2021-03-30 00:30:00,57.28,100.00
129N04667,2021-03-30 00:40:00,56.00,100.00
129N04667,2021-03-30 00:50:00,58.23,100.00
129N04667,2021-03-30 01:00:00,64.59,100.00
129N04667,2021-03-30 01:10:00,66.75,100.00
129N04667,2021-03-30 01:20:00,68.59,99.00
129N04667,2021-03-30 01:30:00,65.28,91.20
129N04667,2021-03-30 01:40:00,57.39,94.00
129N04667,2021-03-30 01:50:00,58.11,94.00
129N04667,2021-03-30 02:00:00,57.26,91.20
129N04667,2021-03-30 02:10:00,60.93,94.40
129N04667,2021-03-30 02:20:00,65.49,95.30
129N04667,2021-03-30 02:30:00,66.54,97.70
129N04667,2021-03-30 02:40:00,55.75,97.20
129N04667,2021-03-30 02:50:00,60.79,97.00
129N04667,2021-03-30 03:00:00,58.44,96.70
129N04667,2021-03-30 03:10:00,61.10,97.00
129N04667,2021-03-30 03:20:00,59.99,94.90
129N04667,2021-03-30 03:30:00,58.80,92.40
129N04667,2021-03-30 03:40:00,43.89,92.10
129N04667,2021-03-30 03:50:00,41.64,89.20
129N04667,2021-03-30 04:00:00,45.19,90.00
129N04667,2021-03-30 04:10:00,47.38,94.10
129N04667,2021-03-30 04:20:00,41.88,88.50
129N04667,2021-03-30 04:30:00,53.19,96.30
129N04667,2021-03-30 04:40:00,63.00,100.00
129N04667,2021-03-30 04:50:00,66.79,99.70
129N04667,2021-03-30 05:00:00,65.58,90.70
129N04667,2021-03-30 05:10:00,54.63,95.50
129N04667,2021-03-30 05:20:00,55.87,100.00
129N04667,2021-03-30 05:30:00,65.43,100.00
129N04667,2021-03-30 05:40:00,63.43,100.00
129N04667,2021-03-30 05:50:00,63.47,100.00
129N04667,2021-03-30 06:00:00,65.69,100.00
129N04667,2021-03-30 06:10:00,61.17,100.00
129N04667,2021-03-30 06:20:00,66.59,100.00
129N04667,2021-03-30 06:30:00,63.79,100.00
129N04667,2021-03-30 06:40:00,63.35,100.00
129N04667,2021-03-30 06:50:00,65.28,100.00
129N04667,2021-03-30 07:00:00,61.96,100.00
129N04667,2021-03-30 07:10:00,64.75,100.00
129N04667,2021-03-30 07:20:00,59.41,100.00
129N04667,2021-03-30 07:30:00,62.49,100.00
129N04667,2021-03-30 07:40:00,59.66,100.00
129N04667,2021-03-30 07:50:00,59.96,100.00
129N04667,2021-03-30 08:00:00,61.57,100.00
129N04667,2021-03-30 08:10:00,57.83,100.00
129N04667,2021-03-30 08:20:00,60.03,100.00
129N04667,2021-03-30 08:30:00,59.17,100.00
129N04667,2021-03-30 08:40:00,57.09,100.00
129N04667,2021-03-30 08:50:00,58.28,100.00
129N04667,2021-03-30 09:00:00,61.98,100.00
129N04667,2021-03-30 09:10:00,57.04,100.00
129N04667,2021-03-30 09:20:00,62.42,100.00
129N04667,2021-03-30 09:30:00,59.58,100.00
129N04667,2021-03-30 09:40:00,59.85,100.00
129N04667,2021-03-30 09:50:00,61.46,100.00
129N04667,2021-03-30 10:00:00,55.71,100.00
129N04667,2021-03-30 10:10:00,61.80,100.00
129N04667,2021-03-30 10:20:00,59.48,100.00
129N04667,2021-03-30 10:30:00,59.27,100.00
129N04667,2021-03-30 10:40:00,62.86,100.00
129N04667,2021-03-30 10:50:00,58.81,100.00
129N04667,2021-03-30 11:00:00,64.21,100.00
129N04667,2021-03-30 11:10:00,61.98,100.00
129N04667,2021-03-30 11:20:00,56.98,100.00
129N04667,2021-03-30 11:30:00,56.93,100.00
129N04667,2021-03-30 11:40:00,58.29,100.00
129N04667,2021-03-30 11:50:00,57.95,100.00
129N04667,2021-03-30 12:00:00,58.70,100.00
129N04667,2021-03-30 12:10:00,54.90,100.00
129N04667,2021-03-30 12:20:00,64.99,100.00
129N04667,2021-03-30 12:30:00,61.17,100.00
129N04667,2021-03-30 12:40:00,61.74,100.00
129N04667,2021-03-30 12:50:00,61.12,100.00
129N04667,2021-03-30 13:00:00,60.14,100.00
129N04667,2021-03-30 13:10:00,53.63,100.00
129N04667,2021-03-30 13:20:00,58.27,100.00
129N04667,2021-03-30 13:30:00,58.47,100.00
129N04667,2021-03-30 13:40:00,61.20,100.00
129N04667,2021-03-30 13:50:00,59.43,100.00
129N04667,2021-03-30 14:00:00,56.79,100.00
129N04667,2021-03-30 14:10:00,60.77,100.00
129N04667,2021-03-30 14:20:00,60.66,100.00
129N04667,2021-03-30 14:30:00,61.23,100.00
129N04667,2021-03-30 14:40:00,59.38,100.00
129N04667,2021-03-30 14:50:00,58.35,100.00
129N04667,2021-03-30 15:00:00,58.93,100.00
129N04667,2021-03-30 15:10:00,61.82,100.00
129N04667,2021-03-30 15:20:00,56.52,100.00
129N04667,2021-03-30 15:30:00,55.03,100.00
129N04667,2021-03-30 15:40:00,52.02,100.00
129N04667,2021-03-30 15:50:00,59.74,100.00
129N04667,2021-03-30 16:00:00,56.84,100.00
129N04667,2021-03-30 16:10:00,58.45,100.00
129N04667,2021-03-30 16:20:00,60.56,100.00
129N04667,2021-03-30 16:30:00,57.63,100.00
129N04667,2021-03-30 16:40:00,59.95,100.00
129N04667,2021-03-30 16:50:00,57.91,100.00
129N04667,2021-03-30 17:00:00,60.48,100.00
129N04667,2021-03-30 17:10:00,57.55,100.00
129N04667,2021-03-30 17:20:00,58.38,100.00
129N04667,2021-03-30 17:30:00,56.33,100.00
129N04667,2021-03-30 17:40:00,59.79,100.00
129N04667,2021-03-30 17:50:00,58.47,100.00
129N04667,2021-03-30 18:00:00,60.51,100.00
129N04667,2021-03-30 18:10:00,58.15,100.00
129N04667,2021-03-30 18:20:00,60.89,100.00
129N04667,2021-03-30 18:30:00,64.75,100.00
129N04667,2021-03-30 18:40:00,64.08,100.00
129N04667,2021-03-30 18:50:00,61.64,100.00
129N04667,2021-03-30 19:00:00,61.29,100.00
129N04667,2021-03-30 19:10:00,61.46,100.00
129N04667,2021-03-30 19:20:00,58.10,100.00
129N04667,2021-03-30 19:30:00,63.52,100.00
129N04667,2021-03-30 19:40:00,56.98,100.00
129N04667,2021-03-30 19:50:00,58.89,100.00
129N04667,2021-03-30 20:00:00,62.58,100.00
129N04667,2021-03-30 20:10:00,64.18,100.00
129N04667,2021-03-30 20:20:00,62.79,100.00
129N04667,2021-03-30 20:30:00,62.59,100.00
129N04667,2021-03-30 20:40:00,63.39,100.00
129N04667,2021-03-30 20:50:00,58.79,100.00
129N04667,2021-03-30 21:00:00,54.98,100.00
129N04667,2021-03-30 21:10:00,54.08,100.00
129N04667,2021-03-30 21:20:00,53.49,100.00
129N04667,2021-03-30 21:30:00,57.92,100.00
129N04667,2021-03-30 21:40:00,59.58,100.00
129N04667,2021-03-30 21:50:00,59.28,100.00
129N04667,2021-03-30 22:00:00,58.20,100.00
129N04667,2021-03-30 22:10:00,57.30,99.40
129N04667,2021-03-30 22:20:00,62.40,96.30
129N04667,2021-03-30 22:30:00,60.80,94.60
129N04667,2021-03-30 22:40:00,58.50,100.00
129N04667,2021-03-30 22:50:00,50.69,97.60
129N04667,2021-03-30 23:00:00,57.98,100.00
129N04667,2021-03-30 23:10:00,63.22,100.00
129N04667,2021-03-30 23:20:00,68.60,100.00
129N04667,2021-03-30 23:30:00,67.70,100.00
129N04667,2021-03-30 23:40:00,59.33,95.60
129N04667,2021-03-30 23:50:00,47.30,95.10
129N04326,2021-03-30 00:00:00,64.07,100.00
129N04326,2021-03-30 00:10:00,61.69,100.00
129N04326,2021-03-30 00:20:00,61.63,100.00
129N04326,2021-03-30 00:30:00,62.92,100.00
129N04326,2021-03-30 00:40:00,65.30,100.00
129N04326,2021-03-30 00:50:00,62.00,100.00
129N04326,2021-03-30 01:00:00,64.57,100.00
129N04326,2021-03-30 01:10:00,65.20,100.00
129N04326,2021-03-30 01:20:00,63.99,100.00
129N04326,2021-03-30 01:30:00,60.09,100.00
129N04326,2021-03-30 01:40:00,59.46,100.00
129N04326,2021-03-30 01:50:00,60.00,100.00
129N04326,2021-03-30 02:00:00,58.67,100.00
129N04326,2021-03-30 02:10:00,64.37,97.00
129N04326,2021-03-30 02:20:00,65.16,100.00
129N04326,2021-03-30 02:30:00,63.96,100.00
129N04326,2021-03-30 02:40:00,65.00,100.00
129N04326,2021-03-30 02:50:00,64.60,100.00
129N04326,2021-03-30 03:00:00,65.10,98.00
129N04326,2021-03-30 03:10:00,63.19,90.00
129N04326,2021-03-30 03:20:00,60.17,90.00
129N04326,2021-03-30 03:30:00,64.22,97.00
129N04326,2021-03-30 03:40:00,60.94,98.00
129N04326,2021-03-30 03:50:00,61.22,100.00
129N04326,2021-03-30 04:00:00,66.45,100.00
129N04326,2021-03-30 04:10:00,68.27,100.00
129N04326,2021-03-30 04:20:00,65.00,100.00
129N04326,2021-03-30 04:30:00,63.19,100.00
129N04326,2021-03-30 04:40:00,62.90,100.00
129N04326,2021-03-30 04:50:00,64.26,100.00
129N04326,2021-03-30 05:00:00,66.69,100.00
129N04326,2021-03-30 05:10:00,64.20,100.00
129N04326,2021-03-30 05:20:00,67.07,100.00
129N04326,2021-03-30 05:30:00,65.75,100.00
129N04326,2021-03-30 05:40:00,69.09,100.00
129N04326,2021-03-30 05:50:00,66.68,100.00
129N04326,2021-03-30 06:00:00,67.56,100.00
129N04326,2021-03-30 06:10:00,64.98,100.00
129N04326,2021-03-30 06:20:00,68.56,100.00
129N04326,2021-03-30 06:30:00,68.63,100.00
129N04326,2021-03-30 06:40:00,69.43,100.00
129N04326,2021-03-30 06:50:00,67.33,100.00
129N04326,2021-03-30 07:00:00,68.06,100.00
129N04326,2021-03-30 07:10:00,68.46,100.00
129N04326,2021-03-30 07:20:00,66.11,100.00
129N04326,2021-03-30 07:30:00,66.98,100.00
129N04326,2021-03-30 07:40:00,65.85,100.00
129N04326,2021-03-30 07:50:00,66.78,100.00
129N04326,2021-03-30 08:00:00,64.17,100.00
129N04326,2021-03-30 08:10:00,66.04,100.00
129N04326,2021-03-30 08:20:00,65.07,100.00
129N04326,2021-03-30 08:30:00,64.59,100.00
129N04326,2021-03-30 08:40:00,65.17,100.00
129N04326,2021-03-30 08:50:00,66.17,100.00
129N04326,2021-03-30 09:00:00,66.94,100.00
129N04326,2021-03-30 09:10:00,64.58,100.00
129N04326,2021-03-30 09:20:00,63.86,100.00
129N04326,2021-03-30 09:30:00,66.68,100.00
129N04326,2021-03-30 09:40:00,67.38,100.00
129N04326,2021-03-30 09:50:00,67.69,100.00
129N04326,2021-03-30 10:00:00,68.47,100.00
129N04326,2021-03-30 10:10:00,61.12,100.00
129N04326,2021-03-30 10:20:00,68.65,100.00
129N04326,2021-03-30 10:30:00,67.70,100.00
129N04326,2021-03-30 10:40:00,67.07,100.00
129N04326,2021-03-30 10:50:00,64.91,100.00
129N04326,2021-03-30 11:00:00,66.23,100.00
129N04326,2021-03-30 11:10:00,65.12,100.00
129N04326,2021-03-30 11:20:00,66.17,100.00
129N04326,2021-03-30 11:30:00,66.59,100.00
129N04326,2021-03-30 11:40:00,66.28,100.00
129N04326,2021-03-30 11:50:00,65.94,100.00
129N04326,2021-03-30 12:00:00,66.84,100.00
129N04326,2021-03-30 12:10:00,64.78,100.00
129N04326,2021-03-30 12:20:00,65.97,100.00
129N04326,2021-03-30 12:30:00,66.77,100.00
129N04326,2021-03-30 12:40:00,63.96,100.00
129N04326,2021-03-30 12:50:00,66.49,100.00
129N04326,2021-03-30 13:00:00,66.34,100.00
129N04326,2021-03-30 13:10:00,66.32,100.00
129N04326,2021-03-30 13:20:00,66.92,100.00
129N04326,2021-03-30 13:30:00,67.19,100.00
129N04326,2021-03-30 13:40:00,66.40,100.00
129N04326,2021-03-30 13:50:00,65.62,100.00
129N04326,2021-03-30 14:00:00,66.08,100.00
129N04326,2021-03-30 14:10:00,68.89,100.00
129N04326,2021-03-30 14:20:00,66.82,100.00
129N04326,2021-03-30 14:30:00,65.38,100.00
129N04326,2021-03-30 14:40:00,64.27,100.00
129N04326,2021-03-30 14:50:00,65.49,100.00
129N04326,2021-03-30 15:00:00,65.36,100.00
129N04326,2021-03-30 15:10:00,66.01,100.00
129N04326,2021-03-30 15:20:00,66.16,100.00
129N04326,2021-03-30 15:30:00,66.47,100.00
129N04326,2021-03-30 15:40:00,65.54,100.00
129N04326,2021-03-30 15:50:00,65.24,100.00
129N04326,2021-03-30 16:00:00,65.49,100.00
129N04326,2021-03-30 16:10:00,64.08,100.00
129N04326,2021-03-30 16:20:00,65.46,100.00
129N04326,2021-03-30 16:30:00,64.75,100.00
129N04326,2021-03-30 16:40:00,66.93,100.00
129N04326,2021-03-30 16:50:00,66.39,100.00
129N04326,2021-03-30 17:00:00,65.24,100.00
129N04326,2021-03-30 17:10:00,66.37,100.00
129N04326,2021-03-30 17:20:00,66.55,100.00
129N04326,2021-03-30 17:30:00,65.29,100.00
129N04326,2021-03-30 17:40:00,64.24,100.00
129N04326,2021-03-30 17:50:00,66.89,100.00
129N04326,2021-03-30 18:00:00,69.38,100.00
129N04326,2021-03-30 18:10:00,69.37,100.00
129N04326,2021-03-30 18:20:00,66.58,100.00
129N04326,2021-03-30 18:30:00,68.59,100.00
129N04326,2021-03-30 18:40:00,67.35,100.00
129N04326,2021-03-30 18:50:00,63.91,100.00
129N04326,2021-03-30 19:00:00,67.74,100.00
129N04326,2021-03-30 19:10:00,68.50,100.00
129N04326,2021-03-30 19:20:00,66.19,100.00
129N04326,2021-03-30 19:30:00,66.38,100.00
129N04326,2021-03-30 19:40:00,69.49,100.00
129N04326,2021-03-30 19:50:00,66.88,100.00
129N04326,2021-03-30 20:00:00,69.09,100.00
129N04326,2021-03-30 20:10:00,68.69,100.00
129N04326,2021-03-30 20:20:00,65.84,100.00
129N04326,2021-03-30 20:30:00,66.35,100.00
129N04326,2021-03-30 20:40:00,65.24,100.00
129N04326,2021-03-30 20:50:00,66.58,100.00
129N04326,2021-03-30 21:00:00,63.79,100.00
129N04326,2021-03-30 21:10:00,65.66,100.00
129N04326,2021-03-30 21:20:00,63.19,100.00
129N04326,2021-03-30 21:30:00,65.29,100.00
129N04326,2021-03-30 21:40:00,66.09,100.00
129N04326,2021-03-30 21:50:00,65.31,100.00
129N04326,2021-03-30 22:00:00,65.26,100.00
129N04326,2021-03-30 22:10:00,66.29,100.00
129N04326,2021-03-30 22:20:00,65.59,100.00
129N04326,2021-03-30 22:30:00,66.78,100.00
129N04326,2021-03-30 22:40:00,66.79,100.00
129N04326,2021-03-30 22:50:00,69.29,100.00
129N04326,2021-03-30 23:00:00,66.60,100.00
129N04326,2021-03-30 23:10:00,65.94,100.00
129N04326,2021-03-30 23:20:00,64.27,100.00
129N04326,2021-03-30 23:30:00,62.03,100.00
129N04326,2021-03-30 23:40:00,60.39,100.00
129N04326,2021-03-30 23:50:00,64.51,100.00
129N04664,2021-03-30 00:00:00,49.08,100.00
129N04664,2021-03-30 00:10:00,48.39,100.00
129N04664,2021-03-30 00:20:00,49.92,100.00
129N04664,2021-03-30 00:30:00,55.84,100.00
129N04664,2021-03-30 00:40:00,52.59,100.00
129N04664,2021-03-30 00:50:00,52.89,100.00
129N04664,2021-03-30 01:00:00,55.13,100.00
129N04664,2021-03-30 01:10:00,45.89,100.00
129N04664,2021-03-30 01:20:00,44.29,100.00
129N04664,2021-03-30 01:30:00,44.72,92.00
129N04664,2021-03-30 01:40:00,59.00,94.00
129N04664,2021-03-30 01:50:00,58.60,90.00
129N04664,2021-03-30 02:00:00,58.00,97.00
129N04664,2021-03-30 02:10:00,59.61,93.00
129N04664,2021-03-30 02:20:00,65.10,99.00
129N04664,2021-03-30 02:30:00,66.26,96.00
129N04664,2021-03-30 02:40:00,66.79,100.00
129N04664,2021-03-30 02:50:00,65.40,100.00
129N04664,2021-03-30 03:00:00,61.82,100.00
129N04664,2021-03-30 03:10:00,57.30,100.00
129N04664,2021-03-30 03:20:00,57.69,100.00
129N04664,2021-03-30 03:30:00,57.10,98.00
129N04664,2021-03-30 03:40:00,56.80,90.00
129N04664,2021-03-30 03:50:00,48.71,97.00
129N04664,2021-03-30 04:00:00,58.96,100.00
129N04664,2021-03-30 04:10:00,61.18,100.00
129N04664,2021-03-30 04:20:00,63.00,100.00
129N04664,2021-03-30 04:30:00,62.79,99.00
129N04664,2021-03-30 04:40:00,61.00,90.00
129N04664,2021-03-30 04:50:00,61.11,92.00
129N04664,2021-03-30 05:00:00,65.23,100.00
129N04664,2021-03-30 05:10:00,59.09,100.00
129N04664,2021-03-30 05:20:00,60.95,100.00
129N04664,2021-03-30 05:30:00,67.25,100.00
129N04664,2021-03-30 05:40:00,66.48,100.00
129N04664,2021-03-30 05:50:00,65.33,100.00
129N04664,2021-03-30 06:00:00,66.96,100.00
129N04664,2021-03-30 06:10:00,63.94,100.00
129N04664,2021-03-30 06:20:00,66.90,100.00
129N04664,2021-03-30 06:30:00,66.75,100.00
129N04664,2021-03-30 06:40:00,63.09,100.00
129N04664,2021-03-30 06:50:00,59.69,100.00
129N04664,2021-03-30 07:00:00,62.53,100.00
129N04664,2021-03-30 07:10:00,63.85,100.00
129N04664,2021-03-30 07:20:00,61.55,100.00
129N04664,2021-03-30 07:30:00,59.23,100.00
129N04664,2021-03-30 07:40:00,59.67,100.00
129N04664,2021-03-30 07:50:00,58.47,100.00
129N04664,2021-03-30 08:00:00,57.80,100.00
129N04664,2021-03-30 08:10:00,59.86,100.00
129N04664,2021-03-30 08:20:00,62.09,100.00
129N04664,2021-03-30 08:30:00,59.95,100.00
129N04664,2021-03-30 08:40:00,59.62,100.00
129N04664,2021-03-30 08:50:00,57.91,100.00
129N04664,2021-03-30 09:00:00,59.22,100.00
129N04664,2021-03-30 09:10:00,58.45,100.00
129N04664,2021-03-30 09:20:00,59.52,100.00
129N04664,2021-03-30 09:30:00,61.24,100.00
129N04664,2021-03-30 09:40:00,63.02,100.00
129N04664,2021-03-30 09:50:00,58.13,100.00
129N04664,2021-03-30 10:00:00,57.24,100.00
129N04664,2021-03-30 10:10:00,60.30,100.00
129N04664,2021-03-30 10:20:00,60.44,100.00
129N04664,2021-03-30 10:30:00,55.12,100.00
129N04664,2021-03-30 10:40:00,60.46,100.00
129N04664,2021-03-30 10:50:00,57.19,100.00
129N04664,2021-03-30 11:00:00,60.02,100.00
129N04664,2021-03-30 11:10:00,59.13,100.00
129N04664,2021-03-30 11:20:00,57.40,100.00
129N04664,2021-03-30 11:30:00,55.10,100.00
129N04664,2021-03-30 11:40:00,56.13,100.00
129N04664,2021-03-30 11:50:00,55.97,100.00
129N04664,2021-03-30 12:00:00,54.07,100.00
129N04664,2021-03-30 12:10:00,56.33,100.00
129N04664,2021-03-30 12:20:00,58.85,100.00
129N04664,2021-03-30 12:30:00,57.01,100.00
129N04664,2021-03-30 12:40:00,55.90,100.00
129N04664,2021-03-30 12:50:00,61.15,100.00
129N04664,2021-03-30 13:00:00,55.41,100.00
129N04664,2021-03-30 13:10:00,55.34,100.00
129N04664,2021-03-30 13:20:00,55.74,100.00
129N04664,2021-03-30 13:30:00,55.63,100.00
129N04664,2021-03-30 13:40:00,56.96,100.00
129N04664,2021-03-30 13:50:00,58.64,100.00
129N04664,2021-03-30 14:00:00,55.84,100.00
129N04664,2021-03-30 14:10:00,57.89,100.00
129N04664,2021-03-30 14:20:00,56.71,100.00
129N04664,2021-03-30 14:30:00,55.42,100.00
129N04664,2021-03-30 14:40:00,56.68,100.00
129N04664,2021-03-30 14:50:00,56.19,100.00
129N04664,2021-03-30 15:00:00,57.27,100.00
129N04664,2021-03-30 15:10:00,51.43,100.00
129N04664,2021-03-30 15:20:00,43.20,99.00
129N04664,2021-03-30 15:30:00,22.25,90.00
129N04664,2021-03-30 15:40:00,21.11,93.00
129N04664,2021-03-30 15:50:00,15.87,90.00
129N04664,2021-03-30 16:00:00,44.94,100.00
129N04664,2021-03-30 16:10:00,49.78,100.00
129N04664,2021-03-30 16:20:00,52.92,100.00
129N04664,2021-03-30 16:30:00,56.29,100.00
129N04664,2021-03-30 16:40:00,55.67,100.00
129N04664,2021-03-30 16:50:00,55.48,100.00
129N04664,2021-03-30 17:00:00,60.99,98.00
129N04664,2021-03-30 17:10:00,55.57,100.00
129N04664,2021-03-30 17:20:00,53.86,100.00
129N04664,2021-03-30 17:30:00,55.68,100.00
129N04664,2021-03-30 17:40:00,57.69,100.00
129N04664,2021-03-30 17:50:00,57.65,100.00
129N04664,2021-03-30 18:00:00,60.06,100.00
129N04664,2021-03-30 18:10:00,58.65,100.00
129N04664,2021-03-30 18:20:00,57.48,100.00
129N04664,2021-03-30 18:30:00,60.88,100.00
129N04664,2021-03-30 18:40:00,59.66,100.00
129N04664,2021-03-30 18:50:00,62.12,100.00
129N04664,2021-03-30 19:00:00,61.78,100.00
129N04664,2021-03-30 19:10:00,64.68,100.00
129N04664,2021-03-30 19:20:00,56.55,100.00
129N04664,2021-03-30 19:30:00,59.04,100.00
129N04664,2021-03-30 19:40:00,61.34,100.00
129N04664,2021-03-30 19:50:00,54.67,100.00
129N04664,2021-03-30 20:00:00,54.98,100.00
129N04664,2021-03-30 20:10:00,57.39,100.00
129N04664,2021-03-30 20:20:00,55.52,100.00
129N04664,2021-03-30 20:30:00,61.68,100.00
129N04664,2021-03-30 20:40:00,62.59,100.00
129N04664,2021-03-30 20:50:00,59.83,100.00
129N04664,2021-03-30 21:00:00,57.10,100.00
129N04664,2021-03-30 21:10:00,55.15,100.00
129N04664,2021-03-30 21:20:00,54.60,100.00
129N04664,2021-03-30 21:30:00,55.88,100.00
129N04664,2021-03-30 21:40:00,56.09,100.00
129N04664,2021-03-30 21:50:00,57.37,100.00
129N04664,2021-03-30 22:00:00,58.39,100.00
129N04664,2021-03-30 22:10:00,59.90,100.00
129N04664,2021-03-30 22:20:00,58.58,100.00
129N04664,2021-03-30 22:30:00,56.70,100.00
129N04664,2021-03-30 22:40:00,50.94,100.00
129N04664,2021-03-30 22:50:00,49.60,100.00
129N04664,2021-03-30 23:00:00,56.56,100.00
129N04664,2021-03-30 23:10:00,58.98,100.00
129N04664,2021-03-30 23:20:00,61.08,99.00
129N04664,2021-03-30 23:30:00,53.49,96.00
129N04664,2021-03-30 23:40:00,52.88,100.00
129N04664,2021-03-30 23:50:00,55.65,100.00
129N04665,2021-03-30 00:00:00,57.00,100.00
129N04665,2021-03-30 00:10:00,55.67,100.00
129N04665,2021-03-30 00:20:00,55.95,100.00
129N04665,2021-03-30 00:30:00,60.60,100.00
129N04665,2021-03-30 00:40:00,57.20,100.00
129N04665,2021-03-30 00:50:00,55.85,100.00
129N04665,2021-03-30 01:00:00,63.31,100.00
129N04665,2021-03-30 01:10:00,63.70,100.00
129N04665,2021-03-30 01:20:00,58.08,94.00
129N04665,2021-03-30 01:30:00,57.23,93.00
129N04665,2021-03-30 01:40:00,59.59,94.00
129N04665,2021-03-30 01:50:00,59.40,90.00
129N04665,2021-03-30 02:00:00,58.69,98.00
129N04665,2021-03-30 02:10:00,59.61,100.00
129N04665,2021-03-30 02:20:00,65.79,100.00
129N04665,2021-03-30 02:30:00,67.99,97.00
129N04665,2021-03-30 02:40:00,67.00,100.00
129N04665,2021-03-30 02:50:00,66.59,100.00
129N04665,2021-03-30 03:00:00,63.47,100.00
129N04665,2021-03-30 03:10:00,57.00,100.00
129N04665,2021-03-30 03:20:00,57.40,100.00
129N04665,2021-03-30 03:30:00,57.10,98.00
129N04665,2021-03-30 03:40:00,55.59,90.00
129N04665,2021-03-30 03:50:00,44.30,98.00
129N04665,2021-03-30 04:00:00,52.44,100.00
129N04665,2021-03-30 04:10:00,58.41,100.00
129N04665,2021-03-30 04:20:00,62.18,100.00
129N04665,2021-03-30 04:30:00,62.89,100.00
129N04665,2021-03-30 04:40:00,67.00,100.00
129N04665,2021-03-30 04:50:00,68.16,98.00
129N04665,2021-03-30 05:00:00,71.00,96.00
129N04665,2021-03-30 05:10:00,58.63,97.00
129N04665,2021-03-30 05:20:00,62.36,100.00
129N04665,2021-03-30 05:30:00,68.14,100.00
129N04665,2021-03-30 05:40:00,68.12,100.00
129N04665,2021-03-30 05:50:00,65.55,100.00
129N04665,2021-03-30 06:00:00,67.15,100.00
129N04665,2021-03-30 06:10:00,64.75,100.00
129N04665,2021-03-30 06:20:00,65.58,100.00
129N04665,2021-03-30 06:30:00,67.76,100.00
129N04665,2021-03-30 06:40:00,63.55,100.00
129N04665,2021-03-30 06:50:00,63.09,100.00
129N04665,2021-03-30 07:00:00,65.10,100.00
129N04665,2021-03-30 07:10:00,65.96,100.00
129N04665,2021-03-30 07:20:00,62.44,100.00
129N04665,2021-03-30 07:30:00,58.45,100.00
129N04665,2021-03-30 07:40:00,59.69,100.00
129N04665,2021-03-30 07:50:00,59.84,100.00
129N04665,2021-03-30 08:00:00,60.72,100.00
129N04665,2021-03-30 08:10:00,62.97,100.00
129N04665,2021-03-30 08:20:00,63.85,100.00
129N04665,2021-03-30 08:30:00,61.75,100.00
129N04665,2021-03-30 08:40:00,62.92,100.00
129N04665,2021-03-30 08:50:00,59.00,100.00
129N04665,2021-03-30 09:00:00,61.69,100.00
129N04665,2021-03-30 09:10:00,59.86,100.00
129N04665,2021-03-30 09:20:00,60.38,100.00
129N04665,2021-03-30 09:30:00,62.15,100.00
129N04665,2021-03-30 09:40:00,63.95,100.00
129N04665,2021-03-30 09:50:00,61.64,100.00
129N04665,2021-03-30 10:00:00,59.68,100.00
129N04665,2021-03-30 10:10:00,61.92,100.00
129N04665,2021-03-30 10:20:00,60.86,100.00
129N04665,2021-03-30 10:30:00,60.37,100.00
129N04665,2021-03-30 10:40:00,62.13,100.00
129N04665,2021-03-30 10:50:00,60.86,100.00
129N04665,2021-03-30 11:00:00,63.79,100.00
129N04665,2021-03-30 11:10:00,62.77,100.00
129N04665,2021-03-30 11:20:00,60.13,100.00
129N04665,2021-03-30 11:30:00,59.22,100.00
129N04665,2021-03-30 11:40:00,56.90,100.00
129N04665,2021-03-30 11:50:00,57.81,100.00
129N04665,2021-03-30 12:00:00,58.51,100.00
129N04665,2021-03-30 12:10:00,60.68,100.00
129N04665,2021-03-30 12:20:00,62.77,100.00
129N04665,2021-03-30 12:30:00,59.06,100.00
129N04665,2021-03-30 12:40:00,60.89,100.00
129N04665,2021-03-30 12:50:00,62.47,100.00
129N04665,2021-03-30 13:00:00,58.23,100.00
129N04665,2021-03-30 13:10:00,57.57,100.00
129N04665,2021-03-30 13:20:00,60.06,100.00
129N04665,2021-03-30 13:30:00,58.97,100.00
129N04665,2021-03-30 13:40:00,60.17,100.00
129N04665,2021-03-30 13:50:00,61.21,100.00
129N04665,2021-03-30 14:00:00,61.41,100.00
129N04665,2021-03-30 14:10:00,60.51,100.00
129N04665,2021-03-30 14:20:00,57.74,100.00
129N04665,2021-03-30 14:30:00,60.14,100.00
129N04665,2021-03-30 14:40:00,61.49,100.00
129N04665,2021-03-30 14:50:00,57.93,100.00
129N04665,2021-03-30 15:00:00,60.96,100.00
129N04665,2021-03-30 15:10:00,58.39,100.00
129N04665,2021-03-30 15:20:00,58.04,100.00
129N04665,2021-03-30 15:30:00,57.66,100.00
129N04665,2021-03-30 15:40:00,40.81,96.00
129N04665,2021-03-30 15:50:00,32.97,92.00
129N04665,2021-03-30 16:00:00,57.09,100.00
129N04665,2021-03-30 16:10:00,58.17,100.00
129N04665,2021-03-30 16:20:00,60.56,100.00
129N04665,2021-03-30 16:30:00,58.42,100.00
129N04665,2021-03-30 16:40:00,58.97,100.00
129N04665,2021-03-30 16:50:00,55.54,100.00
129N04665,2021-03-30 17:00:00,60.39,100.00
129N04665,2021-03-30 17:10:00,58.72,100.00
129N04665,2021-03-30 17:20:00,58.46,100.00
129N04665,2021-03-30 17:30:00,57.79,100.00
129N04665,2021-03-30 17:40:00,61.32,100.00
129N04665,2021-03-30 17:50:00,61.06,100.00
129N04665,2021-03-30 18:00:00,61.76,100.00
129N04665,2021-03-30 18:10:00,63.00,100.00
129N04665,2021-03-30 18:20:00,60.16,100.00
129N04665,2021-03-30 18:30:00,60.39,100.00
129N04665,2021-03-30 18:40:00,64.18,100.00
129N04665,2021-03-30 18:50:00,64.93,100.00
129N04665,2021-03-30 19:00:00,64.05,100.00
129N04665,2021-03-30 19:10:00,64.51,100.00
129N04665,2021-03-30 19:20:00,56.30,100.00
129N04665,2021-03-30 19:30:00,59.72,100.00
129N04665,2021-03-30 19:40:00,60.41,100.00
129N04665,2021-03-30 19:50:00,58.13,100.00
129N04665,2021-03-30 20:00:00,57.79,100.00
129N04665,2021-03-30 20:10:00,61.54,100.00
129N04665,2021-03-30 20:20:00,61.59,100.00
129N04665,2021-03-30 20:30:00,63.75,100.00
129N04665,2021-03-30 20:40:00,64.79,100.00
129N04665,2021-03-30 20:50:00,64.18,100.00
129N04665,2021-03-30 21:00:00,61.70,100.00
129N04665,2021-03-30 21:10:00,57.99,100.00
129N04665,2021-03-30 21:20:00,56.97,100.00
129N04665,2021-03-30 21:30:00,58.32,100.00
129N04665,2021-03-30 21:40:00,59.59,100.00
129N04665,2021-03-30 21:50:00,60.30,100.00
129N04665,2021-03-30 22:00:00,59.79,100.00
129N04665,2021-03-30 22:10:00,58.08,100.00
129N04665,2021-03-30 22:20:00,59.24,100.00
129N04665,2021-03-30 22:30:00,55.20,100.00
129N04665,2021-03-30 22:40:00,56.36,100.00
129N04665,2021-03-30 22:50:00,53.88,100.00
129N04665,2021-03-30 23:00:00,61.16,100.00
129N04665,2021-03-30 23:10:00,61.78,100.00
129N04665,2021-03-30 23:20:00,64.16,99.00
129N04665,2021-03-30 23:30:00,63.79,97.00
129N04665,2021-03-30 23:40:00,62.38,100.00
129N04665,2021-03-30 23:50:00,56.93,100.00
129N04663,2021-03-30 00:00:00,40.36,100.00
129N04663,2021-03-30 00:10:00,42.90,99.00
129N04663,2021-03-30 00:20:00,44.13,100.00
129N04663,2021-03-30 00:30:00,49.59,100.00
129N04663,2021-03-30 00:40:00,47.10,100.00
129N04663,2021-03-30 00:50:00,48.09,100.00
129N04663,2021-03-30 01:00:00,53.07,100.00
129N04663,2021-03-30 01:10:00,47.00,100.00
129N04663,2021-03-30 01:20:00,45.69,100.00
129N04663,2021-03-30 01:30:00,46.92,93.00
129N04663,2021-03-30 01:40:00,59.20,95.00
129N04663,2021-03-30 01:50:00,58.60,90.00
129N04663,2021-03-30 02:00:00,53.70,97.00
129N04663,2021-03-30 02:10:00,54.54,94.00
129N04663,2021-03-30 02:20:00,63.00,100.00
129N04663,2021-03-30 02:30:00,62.86,99.00
129N04663,2021-03-30 02:40:00,64.17,100.00
129N04663,2021-03-30 02:50:00,62.29,100.00
129N04663,2021-03-30 03:00:00,59.12,100.00
129N04663,2021-03-30 03:10:00,54.30,100.00
129N04663,2021-03-30 03:20:00,55.16,100.00
129N04663,2021-03-30 03:30:00,56.50,98.00
129N04663,2021-03-30 03:40:00,56.20,90.00
129N04663,2021-03-30 03:50:00,50.74,99.00
129N04663,2021-03-30 04:00:00,58.77,100.00
129N04663,2021-03-30 04:10:00,60.00,100.00
129N04663,2021-03-30 04:20:00,61.79,91.00
129N04663,2021-03-30 04:30:00,60.10,97.00
129N04663,2021-03-30 04:40:00,59.10,90.00
129N04663,2021-03-30 04:50:00,63.74,94.00
129N04663,2021-03-30 05:00:00,69.52,100.00
129N04663,2021-03-30 05:10:00,60.26,100.00
129N04663,2021-03-30 05:20:00,58.84,100.00
129N04663,2021-03-30 05:30:00,62.65,100.00
129N04663,2021-03-30 05:40:00,63.23,100.00
129N04663,2021-03-30 05:50:00,64.66,100.00
129N04663,2021-03-30 06:00:00,66.15,100.00
129N04663,2021-03-30 06:10:00,60.22,100.00
129N04663,2021-03-30 06:20:00,62.28,100.00
129N04663,2021-03-30 06:30:00,60.35,100.00
129N04663,2021-03-30 06:40:00,57.59,100.00
129N04663,2021-03-30 06:50:00,55.39,100.00
129N04663,2021-03-30 07:00:00,57.68,100.00
129N04663,2021-03-30 07:10:00,54.13,100.00
129N04663,2021-03-30 07:20:00,23.13,90.00
129N04663,2021-03-30 07:30:00,50.66,98.00
129N04663,2021-03-30 07:40:00,45.05,99.00
129N04663,2021-03-30 07:50:00,52.60,100.00
129N04663,2021-03-30 08:00:00,51.19,100.00
129N04663,2021-03-30 08:10:00,52.22,100.00
129N04663,2021-03-30 08:20:00,54.27,100.00
129N04663,2021-03-30 08:30:00,53.85,100.00
129N04663,2021-03-30 08:40:00,49.60,100.00
129N04663,2021-03-30 08:50:00,52.43,100.00
129N04663,2021-03-30 09:00:00,50.88,100.00
129N04663,2021-03-30 09:10:00,52.27,100.00
129N04663,2021-03-30 09:20:00,49.82,100.00
129N04663,2021-03-30 09:30:00,50.58,100.00
129N04663,2021-03-30 09:40:00,53.11,100.00
129N04663,2021-03-30 09:50:00,52.45,100.00
129N04663,2021-03-30 10:00:00,48.68,100.00
129N04663,2021-03-30 10:10:00,53.66,100.00
129N04663,2021-03-30 10:20:00,53.98,100.00
129N04663,2021-03-30 10:30:00,44.08,100.00
129N04663,2021-03-30 10:40:00,53.29,100.00
129N04663,2021-03-30 10:50:00,49.43,100.00
129N04663,2021-03-30 11:00:00,50.81,100.00
129N04663,2021-03-30 11:10:00,44.54,100.00
129N04663,2021-03-30 11:20:00,51.32,100.00
129N04663,2021-03-30 11:30:00,42.19,98.00
129N04663,2021-03-30 11:40:00,51.43,100.00
129N04663,2021-03-30 11:50:00,51.68,100.00
129N04663,2021-03-30 12:00:00,46.85,100.00
129N04663,2021-03-30 12:10:00,46.13,100.00
129N04663,2021-03-30 12:20:00,52.22,100.00
129N04663,2021-03-30 12:30:00,51.46,100.00
129N04663,2021-03-30 12:40:00,49.02,100.00
129N04663,2021-03-30 12:50:00,53.03,100.00
129N04663,2021-03-30 13:00:00,49.16,100.00
129N04663,2021-03-30 13:10:00,48.24,100.00
129N04663,2021-03-30 13:20:00,45.71,100.00
129N04663,2021-03-30 13:30:00,46.67,100.00
129N04663,2021-03-30 13:40:00,46.74,100.00
129N04663,2021-03-30 13:50:00,46.86,100.00
129N04663,2021-03-30 14:00:00,46.66,100.00
129N04663,2021-03-30 14:10:00,46.43,100.00
129N04663,2021-03-30 14:20:00,48.84,100.00
129N04663,2021-03-30 14:30:00,49.48,100.00
129N04663,2021-03-30 14:40:00,37.12,99.00
129N04663,2021-03-30 14:50:00,49.39,100.00
129N04663,2021-03-30 15:00:00,45.24,100.00
129N04663,2021-03-30 15:10:00,40.60,100.00
129N04663,2021-03-30 15:20:00,29.83,96.00
129N04663,2021-03-30 15:30:00,22.10,92.00
129N04663,2021-03-30 15:40:00,18.21,90.00
129N04663,2021-03-30 15:50:00,25.37,94.00
129N04663,2021-03-30 16:00:00,26.66,94.00
129N04663,2021-03-30 16:10:00,43.22,100.00
129N04663,2021-03-30 16:20:00,43.92,100.00
129N04663,2021-03-30 16:30:00,47.21,100.00
129N04663,2021-03-30 16:40:00,49.06,100.00
129N04663,2021-03-30 16:50:00,41.14,100.00
129N04663,2021-03-30 17:00:00,50.69,100.00
129N04663,2021-03-30 17:10:00,46.06,100.00
129N04663,2021-03-30 17:20:00,34.02,100.00
129N04663,2021-03-30 17:30:00,37.97,100.00
129N04663,2021-03-30 17:40:00,48.93,100.00
129N04663,2021-03-30 17:50:00,51.79,100.00
129N04663,2021-03-30 18:00:00,50.76,100.00
129N04663,2021-03-30 18:10:00,52.53,100.00
129N04663,2021-03-30 18:20:00,51.95,100.00
129N04663,2021-03-30 18:30:00,54.54,100.00
129N04663,2021-03-30 18:40:00,52.49,100.00
129N04663,2021-03-30 18:50:00,56.06,100.00
129N04663,2021-03-30 19:00:00,54.04,100.00
129N04663,2021-03-30 19:10:00,54.56,100.00
129N04663,2021-03-30 19:20:00,53.57,100.00
129N04663,2021-03-30 19:30:00,53.41,100.00
129N04663,2021-03-30 19:40:00,53.76,100.00
129N04663,2021-03-30 19:50:00,50.55,100.00
129N04663,2021-03-30 20:00:00,53.42,100.00
129N04663,2021-03-30 20:10:00,49.80,100.00
129N04663,2021-03-30 20:20:00,41.14,100.00
129N04663,2021-03-30 20:30:00,44.47,100.00
129N04663,2021-03-30 20:40:00,43.20,100.00
129N04663,2021-03-30 20:50:00,42.70,100.00
129N04663,2021-03-30 21:00:00,42.99,100.00
129N04663,2021-03-30 21:10:00,45.75,100.00
129N04663,2021-03-30 21:20:00,47.68,100.00
129N04663,2021-03-30 21:30:00,47.20,100.00
129N04663,2021-03-30 21:40:00,46.19,100.00
129N04663,2021-03-30 21:50:00,45.58,100.00
129N04663,2021-03-30 22:00:00,46.08,100.00
129N04663,2021-03-30 22:10:00,45.59,100.00
129N04663,2021-03-30 22:20:00,45.48,100.00
129N04663,2021-03-30 22:30:00,45.10,100.00
129N04663,2021-03-30 22:40:00,43.00,100.00
129N04663,2021-03-30 22:50:00,43.98,100.00
129N04663,2021-03-30 23:00:00,43.78,100.00
129N04663,2021-03-30 23:10:00,46.19,100.00
129N04663,2021-03-30 23:20:00,45.89,100.00
129N04663,2021-03-30 23:30:00,45.06,100.00
129N04663,2021-03-30 23:40:00,44.94,100.00
129N04663,2021-03-30 23:50:00,47.10,99.00
129-04328,2021-03-30 00:00:00,51.34,100.00
129-04328,2021-03-30 00:10:00,53.65,100.00
129-04328,2021-03-30 00:20:00,51.71,100.00
129-04328,2021-03-30 00:30:00,54.38,100.00
129-04328,2021-03-30 00:40:00,53.29,100.00
129-04328,2021-03-30 00:50:00,53.44,100.00
129-04328,2021-03-30 01:00:00,54.97,100.00
129-04328,2021-03-30 01:10:00,51.70,100.00
129-04328,2021-03-30 01:20:00,49.18,100.00
129-04328,2021-03-30 01:30:00,47.04,94.00
129-04328,2021-03-30 01:40:00,60.19,100.00
129-04328,2021-03-30 01:50:00,58.80,100.00
129-04328,2021-03-30 02:00:00,57.50,100.00
129-04328,2021-03-30 02:10:00,64.18,97.00
129-04328,2021-03-30 02:20:00,65.00,100.00
129-04328,2021-03-30 02:30:00,64.69,100.00
129-04328,2021-03-30 02:40:00,63.75,100.00
129-04328,2021-03-30 02:50:00,60.90,100.00
129-04328,2021-03-30 03:00:00,57.13,99.00
129-04328,2021-03-30 03:10:00,50.00,100.00
129-04328,2021-03-30 03:20:00,50.57,98.00
129-04328,2021-03-30 03:30:00,54.50,96.00
129-04328,2021-03-30 03:40:00,54.40,90.00
129-04328,2021-03-30 03:50:00,53.10,98.00
129-04328,2021-03-30 04:00:00,59.15,100.00
129-04328,2021-03-30 04:10:00,60.59,100.00
129-04328,2021-03-30 04:20:00,60.38,100.00
129-04328,2021-03-30 04:30:00,61.40,100.00
129-04328,2021-03-30 04:40:00,64.12,100.00
129-04328,2021-03-30 04:50:00,62.75,100.00
129-04328,2021-03-30 05:00:00,67.28,100.00
129-04328,2021-03-30 05:10:00,59.85,100.00
129-04328,2021-03-30 05:20:00,61.40,100.00
129-04328,2021-03-30 05:30:00,61.92,100.00
129-04328,2021-03-30 05:40:00,62.47,100.00
129-04328,2021-03-30 05:50:00,62.28,100.00
129-04328,2021-03-30 06:00:00,63.56,100.00
129-04328,2021-03-30 06:10:00,60.88,100.00
129-04328,2021-03-30 06:20:00,61.79,100.00
129-04328,2021-03-30 06:30:00,61.23,100.00
129-04328,2021-03-30 06:40:00,62.04,100.00
129-04328,2021-03-30 06:50:00,58.92,100.00
129-04328,2021-03-30 07:00:00,57.14,100.00
129-04328,2021-03-30 07:10:00,59.69,100.00
129-04328,2021-03-30 07:20:00,54.39,100.00
129-04328,2021-03-30 07:30:00,53.34,100.00
129-04328,2021-03-30 07:40:00,53.70,100.00
129-04328,2021-03-30 07:50:00,56.20,100.00
129-04328,2021-03-30 08:00:00,54.75,100.00
129-04328,2021-03-30 08:10:00,54.86,100.00
129-04328,2021-03-30 08:20:00,56.12,100.00
129-04328,2021-03-30 08:30:00,55.44,100.00
129-04328,2021-03-30 08:40:00,53.49,100.00
129-04328,2021-03-30 08:50:00,55.17,100.00
129-04328,2021-03-30 09:00:00,56.37,100.00
129-04328,2021-03-30 09:10:00,56.98,100.00
129-04328,2021-03-30 09:20:00,52.21,100.00
129-04328,2021-03-30 09:30:00,57.46,100.00
129-04328,2021-03-30 09:40:00,58.15,100.00
129-04328,2021-03-30 09:50:00,58.64,100.00
129-04328,2021-03-30 10:00:00,53.75,100.00
129-04328,2021-03-30 10:10:00,54.84,100.00
129-04328,2021-03-30 10:20:00,57.94,100.00
129-04328,2021-03-30 10:30:00,51.97,100.00
129-04328,2021-03-30 10:40:00,54.53,100.00
129-04328,2021-03-30 10:50:00,56.57,100.00
129-04328,2021-03-30 11:00:00,53.01,100.00
129-04328,2021-03-30 11:10:00,54.85,100.00
129-04328,2021-03-30 11:20:00,54.93,100.00
129-04328,2021-03-30 11:30:00,53.39,100.00
129-04328,2021-03-30 11:40:00,52.08,100.00
129-04328,2021-03-30 11:50:00,54.65,100.00
129-04328,2021-03-30 12:00:00,54.03,100.00
129-04328,2021-03-30 12:10:00,51.45,100.00
129-04328,2021-03-30 12:20:00,55.21,100.00
129-04328,2021-03-30 12:30:00,54.75,100.00
129-04328,2021-03-30 12:40:00,52.57,100.00
129-04328,2021-03-30 12:50:00,55.24,100.00
129-04328,2021-03-30 13:00:00,53.83,100.00
129-04328,2021-03-30 13:10:00,55.08,100.00
129-04328,2021-03-30 13:20:00,53.91,100.00
129-04328,2021-03-30 13:30:00,52.83,100.00
129-04328,2021-03-30 13:40:00,52.93,100.00
129-04328,2021-03-30 13:50:00,54.17,100.00
129-04328,2021-03-30 14:00:00,55.72,100.00
129-04328,2021-03-30 14:10:00,55.48,100.00
129-04328,2021-03-30 14:20:00,53.29,100.00
129-04328,2021-03-30 14:30:00,52.98,100.00
129-04328,2021-03-30 14:40:00,51.69,100.00
129-04328,2021-03-30 14:50:00,53.74,100.00
129-04328,2021-03-30 15:00:00,52.14,100.00
129-04328,2021-03-30 15:10:00,50.38,100.00
129-04328,2021-03-30 15:20:00,33.93,100.00
129-04328,2021-03-30 15:30:00,37.32,100.00
129-04328,2021-03-30 15:40:00,35.34,100.00
129-04328,2021-03-30 15:50:00,38.06,100.00
129-04328,2021-03-30 16:00:00,47.69,100.00
129-04328,2021-03-30 16:10:00,39.95,100.00
129-04328,2021-03-30 16:20:00,32.57,100.00
129-04328,2021-03-30 16:30:00,40.35,100.00
129-04328,2021-03-30 16:40:00,48.06,100.00
129-04328,2021-03-30 16:50:00,51.63,100.00
129-04328,2021-03-30 17:00:00,53.51,100.00
129-04328,2021-03-30 17:10:00,46.56,100.00
129-04328,2021-03-30 17:20:00,36.26,100.00
129-04328,2021-03-30 17:30:00,34.82,100.00
129-04328,2021-03-30 17:40:00,40.27,100.00
129-04328,2021-03-30 17:50:00,53.32,100.00
129-04328,2021-03-30 18:00:00,55.18,100.00
129-04328,2021-03-30 18:10:00,55.34,100.00
129-04328,2021-03-30 18:20:00,54.47,100.00
129-04328,2021-03-30 18:30:00,57.89,100.00
129-04328,2021-03-30 18:40:00,58.58,100.00
129-04328,2021-03-30 18:50:00,56.30,100.00
129-04328,2021-03-30 19:00:00,58.84,100.00
129-04328,2021-03-30 19:10:00,56.89,100.00
129-04328,2021-03-30 19:20:00,55.65,100.00
129-04328,2021-03-30 19:30:00,55.63,100.00
129-04328,2021-03-30 19:40:00,60.80,100.00
129-04328,2021-03-30 19:50:00,53.75,100.00
129-04328,2021-03-30 20:00:00,58.48,100.00
129-04328,2021-03-30 20:10:00,55.76,100.00
129-04328,2021-03-30 20:20:00,55.78,100.00
129-04328,2021-03-30 20:30:00,55.46,100.00
129-04328,2021-03-30 20:40:00,56.76,100.00
129-04328,2021-03-30 20:50:00,57.39,100.00
129-04328,2021-03-30 21:00:00,55.68,100.00
129-04328,2021-03-30 21:10:00,53.80,100.00
129-04328,2021-03-30 21:20:00,52.16,100.00
129-04328,2021-03-30 21:30:00,56.16,100.00
129-04328,2021-03-30 21:40:00,57.79,100.00
129-04328,2021-03-30 21:50:00,57.79,100.00
129-04328,2021-03-30 22:00:00,59.79,100.00
129-04328,2021-03-30 22:10:00,57.60,100.00
129-04328,2021-03-30 22:20:00,57.68,100.00
129-04328,2021-03-30 22:30:00,56.15,100.00
129-04328,2021-03-30 22:40:00,56.07,100.00
129-04328,2021-03-30 22:50:00,58.07,100.00
129-04328,2021-03-30 23:00:00,60.00,100.00
129-04328,2021-03-30 23:10:00,58.46,100.00
129-04328,2021-03-30 23:20:00,57.50,100.00
129-04328,2021-03-30 23:30:00,56.37,100.00
129-04328,2021-03-30 23:40:00,54.68,100.00
129-04328,2021-03-30 23:50:00,55.78,100.00
129-04329,2021-03-30 00:00:00,38.59,100.00
129-04329,2021-03-30 00:10:00,39.37,92.00
129-04329,2021-03-30 00:20:00,39.21,93.00
129-04329,2021-03-30 00:30:00,47.35,100.00
129-04329,2021-03-30 00:40:00,48.94,100.00
129-04329,2021-03-30 00:50:00,48.40,100.00
129-04329,2021-03-30 01:00:00,54.61,100.00
129-04329,2021-03-30 01:10:00,46.08,100.00
129-04329,2021-03-30 01:20:00,44.08,100.00
129-04329,2021-03-30 01:30:00,45.05,93.00
129-04329,2021-03-30 01:40:00,58.79,96.00
129-04329,2021-03-30 01:50:00,58.00,90.00
129-04329,2021-03-30 02:00:00,53.43,91.00
129-04329,2021-03-30 02:10:00,51.26,84.00
129-04329,2021-03-30 02:20:00,63.00,100.00
129-04329,2021-03-30 02:30:00,62.93,100.00
129-04329,2021-03-30 02:40:00,64.57,100.00
129-04329,2021-03-30 02:50:00,62.29,100.00
129-04329,2021-03-30 03:00:00,58.30,100.00
129-04329,2021-03-30 03:10:00,52.49,100.00
129-04329,2021-03-30 03:20:00,52.75,100.00
129-04329,2021-03-30 03:30:00,55.20,98.00
129-04329,2021-03-30 03:40:00,55.30,90.00
129-04329,2021-03-30 03:50:00,50.00,99.00
129-04329,2021-03-30 04:00:00,57.43,100.00
129-04329,2021-03-30 04:10:00,56.14,97.00
129-04329,2021-03-30 04:20:00,47.10,90.00
129-04329,2021-03-30 04:30:00,57.05,99.00
129-04329,2021-03-30 04:40:00,64.98,100.00
129-04329,2021-03-30 04:50:00,66.72,100.00
129-04329,2021-03-30 05:00:00,67.48,100.00
129-04329,2021-03-30 05:10:00,60.12,100.00
129-04329,2021-03-30 05:20:00,59.20,100.00
129-04329,2021-03-30 05:30:00,60.88,100.00
129-04329,2021-03-30 05:40:00,61.97,100.00
129-04329,2021-03-30 05:50:00,63.76,100.00
129-04329,2021-03-30 06:00:00,65.76,100.00
129-04329,2021-03-30 06:10:00,61.06,100.00
129-04329,2021-03-30 06:20:00,60.03,100.00
129-04329,2021-03-30 06:30:00,55.70,100.00
129-04329,2021-03-30 06:40:00,57.88,100.00
129-04329,2021-03-30 06:50:00,54.41,100.00
129-04329,2021-03-30 07:00:00,53.38,100.00
129-04329,2021-03-30 07:10:00,56.21,100.00
129-04329,2021-03-30 07:20:00,24.28,91.00
129-04329,2021-03-30 07:30:00,48.27,100.00
129-04329,2021-03-30 07:40:00,36.24,95.00
129-04329,2021-03-30 07:50:00,49.61,100.00
129-04329,2021-03-30 08:00:00,47.21,100.00
129-04329,2021-03-30 08:10:00,47.31,100.00
129-04329,2021-03-30 08:20:00,52.57,100.00
129-04329,2021-03-30 08:30:00,50.24,100.00
129-04329,2021-03-30 08:40:00,48.97,100.00
129-04329,2021-03-30 08:50:00,50.05,100.00
129-04329,2021-03-30 09:00:00,49.52,100.00
129-04329,2021-03-30 09:10:00,46.88,100.00
129-04329,2021-03-30 09:20:00,42.11,100.00
129-04329,2021-03-30 09:30:00,44.37,100.00
129-04329,2021-03-30 09:40:00,50.47,100.00
129-04329,2021-03-30 09:50:00,47.66,100.00
129-04329,2021-03-30 10:00:00,46.06,100.00
129-04329,2021-03-30 10:10:00,48.52,100.00
129-04329,2021-03-30 10:20:00,51.06,100.00
129-04329,2021-03-30 10:30:00,38.51,98.00
129-04329,2021-03-30 10:40:00,45.89,100.00
129-04329,2021-03-30 10:50:00,45.20,100.00
129-04329,2021-03-30 11:00:00,49.02,100.00
129-04329,2021-03-30 11:10:00,38.95,97.00
129-04329,2021-03-30 11:20:00,49.67,100.00
129-04329,2021-03-30 11:30:00,37.24,95.00
129-04329,2021-03-30 11:40:00,51.25,100.00
129-04329,2021-03-30 11:50:00,49.97,100.00
129-04329,2021-03-30 12:00:00,45.83,100.00
129-04329,2021-03-30 12:10:00,42.56,100.00
129-04329,2021-03-30 12:20:00,50.16,100.00
129-04329,2021-03-30 12:30:00,47.08,100.00
129-04329,2021-03-30 12:40:00,46.28,100.00
129-04329,2021-03-30 12:50:00,46.82,100.00
129-04329,2021-03-30 13:00:00,45.18,100.00
129-04329,2021-03-30 13:10:00,46.81,100.00
129-04329,2021-03-30 13:20:00,45.76,100.00
129-04329,2021-03-30 13:30:00,45.12,100.00
129-04329,2021-03-30 13:40:00,46.02,100.00
129-04329,2021-03-30 13:50:00,44.62,100.00
129-04329,2021-03-30 14:00:00,46.45,100.00
129-04329,2021-03-30 14:10:00,45.12,100.00
129-04329,2021-03-30 14:20:00,47.74,100.00
129-04329,2021-03-30 14:30:00,48.31,100.00
129-04329,2021-03-30 14:40:00,33.77,100.00
129-04329,2021-03-30 14:50:00,46.02,100.00
129-04329,2021-03-30 15:00:00,44.87,100.00
129-04329,2021-03-30 15:10:00,41.47,100.00
129-04329,2021-03-30 15:20:00,27.16,96.00
129-04329,2021-03-30 15:30:00,24.82,100.00
129-04329,2021-03-30 15:40:00,20.69,94.00
129-04329,2021-03-30 15:50:00,27.64,100.00
129-04329,2021-03-30 16:00:00,28.14,100.00
129-04329,2021-03-30 16:10:00,42.52,100.00
129-04329,2021-03-30 16:20:00,42.68,100.00
129-04329,2021-03-30 16:30:00,46.86,100.00
129-04329,2021-03-30 16:40:00,49.53,100.00
129-04329,2021-03-30 16:50:00,37.26,100.00
129-04329,2021-03-30 17:00:00,48.60,100.00
129-04329,2021-03-30 17:10:00,43.91,100.00
129-04329,2021-03-30 17:20:00,26.49,100.00
129-04329,2021-03-30 17:30:00,28.45,100.00
129-04329,2021-03-30 17:40:00,35.61,100.00
129-04329,2021-03-30 17:50:00,51.61,100.00
129-04329,2021-03-30 18:00:00,51.84,100.00
129-04329,2021-03-30 18:10:00,49.56,100.00
129-04329,2021-03-30 18:20:00,52.70,100.00
129-04329,2021-03-30 18:30:00,53.55,100.00
129-04329,2021-03-30 18:40:00,52.79,100.00
129-04329,2021-03-30 18:50:00,53.70,100.00
129-04329,2021-03-30 19:00:00,54.15,100.00
129-04329,2021-03-30 19:10:00,53.76,100.00
129-04329,2021-03-30 19:20:00,55.37,100.00
129-04329,2021-03-30 19:30:00,52.46,100.00
129-04329,2021-03-30 19:40:00,54.96,100.00
129-04329,2021-03-30 19:50:00,49.86,100.00
129-04329,2021-03-30 20:00:00,56.65,100.00
129-04329,2021-03-30 20:10:00,41.44,96.00
129-04329,2021-03-30 20:20:00,33.62,95.00
129-04329,2021-03-30 20:30:00,43.06,100.00
129-04329,2021-03-30 20:40:00,42.09,100.00
129-04329,2021-03-30 20:50:00,39.68,100.00
129-04329,2021-03-30 21:00:00,40.19,100.00
129-04329,2021-03-30 21:10:00,42.29,100.00
129-04329,2021-03-30 21:20:00,44.52,100.00
129-04329,2021-03-30 21:30:00,44.97,100.00
129-04329,2021-03-30 21:40:00,43.39,100.00
129-04329,2021-03-30 21:50:00,44.07,100.00
129-04329,2021-03-30 22:00:00,41.94,100.00
129-04329,2021-03-30 22:10:00,41.15,100.00
129-04329,2021-03-30 22:20:00,43.46,100.00
129-04329,2021-03-30 22:30:00,43.65,100.00
129-04329,2021-03-30 22:40:00,39.80,100.00
129-04329,2021-03-30 22:50:00,40.19,100.00
129-04329,2021-03-30 23:00:00,40.19,100.00
129-04329,2021-03-30 23:10:00,42.49,100.00
129-04329,2021-03-30 23:20:00,41.49,100.00
129-04329,2021-03-30 23:30:00,40.20,100.00
129-04329,2021-03-30 23:40:00,41.58,100.00
129-04329,2021-03-30 23:50:00,42.89,99.00
