tmc,tstamp,speed,cvalue
129P04465,2020-06-16 00:00:00,53.84,89.33
129P04465,2020-06-16 00:10:00,54.00,83.20
129P04465,2020-06-16 00:20:00,57.29,54.50
129P04465,2020-06-16 00:30:00,,
129P04465,2020-06-16 00:40:00,58.61,19.17
129P04465,2020-06-16 00:50:00,66.00,55.50
129P04465,2020-06-16 01:00:00,66.00,78.50
129P04465,2020-06-16 01:10:00,,
129P04465,2020-06-16 01:20:00,51.75,
129P04465,2020-06-16 01:30:00,55.00,
129P04465,2020-06-16 01:40:00,57.89,
129P04465,2020-06-16 01:50:00,60.19,
129P04465,2020-06-16 02:00:00,62.00,
129P04465,2020-06-16 02:10:00,62.00,
129P04465,2020-06-16 02:20:00,64.00,100.00
129P04465,2020-06-16 02:30:00,63.00,92.40
129P04465,2020-06-16 02:40:00,65.00,99.83
129P04465,2020-06-16 02:50:00,63.00,99.00
129P04465,2020-06-16 03:00:00,63.70,99.70
129P04465,2020-06-16 03:10:00,64.25,100.00
129P04465,2020-06-16 03:20:00,,
129P04465,2020-06-16 03:30:00,66.43,93.44
129P04465,2020-06-16 03:40:00,65.22,92.00
129P04465,2020-06-16 03:50:00,,
129P04465,2020-06-16 04:00:00,67.95,80.90
129P04465,2020-06-16 04:10:00,69.39,74.40
129P04465,2020-06-16 04:20:00,65.17,86.20
129P04465,2020-06-16 04:30:00,65.87,85.20
129P04465,2020-06-16 04:40:00,70.21,75.20
129P04465,2020-06-16 04:50:00,73.60,55.00
129P04465,2020-06-16 05:00:00,71.79,82.20
129P04465,2020-06-16 05:10:00,71.14,78.60
129P04465,2020-06-16 05:20:00,75.12,66.90
129P04465,2020-06-16 05:30:00,72.65,100.00
129P04465,2020-06-16 05:40:00,70.52,90.10
129P04465,2020-06-16 05:50:00,65.95,46.20
129P04465,2020-06-16 06:00:00,63.91,67.80
129P04465,2020-06-16 06:10:00,68.82,97.00
129P04465,2020-06-16 06:20:00,65.99,100.00
129P04465,2020-06-16 06:30:00,65.40,100.00
129P04465,2020-06-16 06:40:00,70.30,80.60
129P04465,2020-06-16 06:50:00,65.58,100.00
129P04465,2020-06-16 07:00:00,68.96,100.00
129P04465,2020-06-16 07:10:00,69.75,84.70
129P04465,2020-06-16 07:20:00,67.52,97.10
129P04465,2020-06-16 07:30:00,69.09,100.00
129P04465,2020-06-16 07:40:00,69.56,92.40
129P04465,2020-06-16 07:50:00,71.70,82.50
129P04465,2020-06-16 08:00:00,62.13,99.90
129P04465,2020-06-16 08:10:00,64.90,100.00
129P04465,2020-06-16 08:20:00,65.54,100.00
129P04465,2020-06-16 08:30:00,62.49,100.00
129P04465,2020-06-16 08:40:00,64.50,96.30
129P04465,2020-06-16 08:50:00,69.48,69.70
129P04465,2020-06-16 09:00:00,62.49,100.00
129P04465,2020-06-16 09:10:00,63.99,100.00
129P04465,2020-06-16 09:20:00,60.71,73.20
129P04465,2020-06-16 09:30:00,63.92,87.70
129P04465,2020-06-16 09:40:00,64.58,100.00
129P04465,2020-06-16 09:50:00,65.19,100.00
129P04465,2020-06-16 10:00:00,65.05,100.00
129P04465,2020-06-16 10:10:00,68.13,63.20
129P04465,2020-06-16 10:20:00,63.39,100.00
129P04465,2020-06-16 10:30:00,64.18,100.00
129P04465,2020-06-16 10:40:00,63.26,100.00
129P04465,2020-06-16 10:50:00,60.39,82.70
129P04465,2020-06-16 11:00:00,62.10,100.00
129P04465,2020-06-16 11:10:00,62.89,100.00
129P04465,2020-06-16 11:20:00,66.94,75.50
129P04465,2020-06-16 11:30:00,68.08,84.30
129P04465,2020-06-16 11:40:00,66.27,100.00
129P04465,2020-06-16 11:50:00,67.05,96.30
129P04465,2020-06-16 12:00:00,68.21,89.00
129P04465,2020-06-16 12:10:00,64.95,100.00
129P04465,2020-06-16 12:20:00,65.25,99.80
129P04465,2020-06-16 12:30:00,65.13,99.00
129P04465,2020-06-16 12:40:00,64.36,100.00
129P04465,2020-06-16 12:50:00,64.77,98.60
129P04465,2020-06-16 13:00:00,62.61,100.00
129P04465,2020-06-16 13:10:00,66.59,90.70
129P04465,2020-06-16 13:20:00,67.30,100.00
129P04465,2020-06-16 13:30:00,68.01,78.70
129P04465,2020-06-16 13:40:00,66.60,89.50
129P04465,2020-06-16 13:50:00,67.82,84.80
129P04465,2020-06-16 14:00:00,68.67,95.10
129P04465,2020-06-16 14:10:00,67.56,89.90
129P04465,2020-06-16 14:20:00,71.07,87.20
129P04465,2020-06-16 14:30:00,71.10,91.80
129P04465,2020-06-16 14:40:00,68.59,98.50
129P04465,2020-06-16 14:50:00,70.80,98.80
129P04465,2020-06-16 15:00:00,65.39,99.60
129P04465,2020-06-16 15:10:00,65.09,100.00
129P04465,2020-06-16 15:20:00,67.25,99.20
129P04465,2020-06-16 15:30:00,71.15,74.90
129P04465,2020-06-16 15:40:00,65.51,98.80
129P04465,2020-06-16 15:50:00,67.89,100.00
129P04465,2020-06-16 16:00:00,64.70,100.00
129P04465,2020-06-16 16:10:00,69.87,87.70
129P04465,2020-06-16 16:20:00,68.88,95.40
129P04465,2020-06-16 16:30:00,63.71,82.90
129P04465,2020-06-16 16:40:00,67.08,100.00
129P04465,2020-06-16 16:50:00,67.65,97.30
129P04465,2020-06-16 17:00:00,68.46,97.40
129P04465,2020-06-16 17:10:00,72.32,78.70
129P04465,2020-06-16 17:20:00,72.19,91.10
129P04465,2020-06-16 17:30:00,71.91,89.20
129P04465,2020-06-16 17:40:00,71.89,99.30
129P04465,2020-06-16 17:50:00,70.06,95.30
129P04465,2020-06-16 18:00:00,72.60,98.40
129P04465,2020-06-16 18:10:00,69.20,100.00
129P04465,2020-06-16 18:20:00,69.37,99.60
129P04465,2020-06-16 18:30:00,69.37,99.10
129P04465,2020-06-16 18:40:00,79.33,27.50
129P04465,2020-06-16 18:50:00,69.21,81.30
129P04465,2020-06-16 19:00:00,61.63,90.89
129P04465,2020-06-16 19:10:00,63.93,100.00
129P04465,2020-06-16 19:20:00,66.77,100.00
129P04465,2020-06-16 19:30:00,64.36,94.20
129P04465,2020-06-16 19:40:00,63.86,94.90
129P04465,2020-06-16 19:50:00,65.67,100.00
129P04465,2020-06-16 20:00:00,66.39,100.00
129P04465,2020-06-16 20:10:00,66.03,95.90
129P04465,2020-06-16 20:20:00,71.26,100.00
129P04465,2020-06-16 20:30:00,69.06,95.90
129P04465,2020-06-16 20:40:00,63.91,66.00
129P04465,2020-06-16 20:50:00,64.66,89.90
129P04465,2020-06-16 21:00:00,68.75,100.00
129P04465,2020-06-16 21:10:00,68.87,91.60
129P04465,2020-06-16 21:20:00,63.58,100.00
129P04465,2020-06-16 21:30:00,64.16,100.00
129P04465,2020-06-16 21:40:00,65.28,94.50
129P04465,2020-06-16 21:50:00,66.28,96.60
129P04465,2020-06-16 22:00:00,65.00,100.00
129P04465,2020-06-16 22:10:00,62.00,100.00
129P04465,2020-06-16 22:20:00,60.44,100.00
129P04465,2020-06-16 22:30:00,59.02,100.00
129P04465,2020-06-16 22:40:00,67.15,63.40
129P04465,2020-06-16 22:50:00,69.39,47.40
129P04465,2020-06-16 23:00:00,64.44,63.70
129P04465,2020-06-16 23:10:00,66.80,84.00
129P04465,2020-06-16 23:20:00,66.30,92.67
129P04465,2020-06-16 23:30:00,65.00,91.50
129P04465,2020-06-16 23:40:00,,
129P04465,2020-06-16 23:50:00,69.47,81.50
129P04443,2020-06-16 00:00:00,64.00,99.00
129P04443,2020-06-16 00:10:00,70.63,43.70
129P04443,2020-06-16 00:20:00,73.61,39.38
129P04443,2020-06-16 00:30:00,69.00,98.25
129P04443,2020-06-16 00:40:00,,
129P04443,2020-06-16 00:50:00,62.17,42.75
129P04443,2020-06-16 01:00:00,61.92,41.50
129P04443,2020-06-16 01:10:00,69.08,86.10
129P04443,2020-06-16 01:20:00,59.52,49.56
129P04443,2020-06-16 01:30:00,53.80,40.20
129P04443,2020-06-16 01:40:00,60.50,90.50
129P04443,2020-06-16 01:50:00,63.00,97.00
129P04443,2020-06-16 02:00:00,,
129P04443,2020-06-16 02:10:00,65.28,64.67
129P04443,2020-06-16 02:20:00,65.57,77.40
129P04443,2020-06-16 02:30:00,,
129P04443,2020-06-16 02:40:00,,
129P04443,2020-06-16 02:50:00,50.37,47.29
129P04443,2020-06-16 03:00:00,51.41,70.40
129P04443,2020-06-16 03:10:00,63.00,89.75
129P04443,2020-06-16 03:20:00,66.88,83.20
129P04443,2020-06-16 03:30:00,69.09,76.63
129P04443,2020-06-16 03:40:00,73.49,54.00
129P04443,2020-06-16 03:50:00,68.73,38.20
129P04443,2020-06-16 04:00:00,70.45,88.50
129P04443,2020-06-16 04:10:00,75.13,65.70
129P04443,2020-06-16 04:20:00,76.38,72.20
129P04443,2020-06-16 04:30:00,75.08,87.00
129P04443,2020-06-16 04:40:00,75.26,92.70
129P04443,2020-06-16 04:50:00,71.89,94.50
129P04443,2020-06-16 05:00:00,71.38,100.00
129P04443,2020-06-16 05:10:00,70.80,97.70
129P04443,2020-06-16 05:20:00,69.98,100.00
129P04443,2020-06-16 05:30:00,68.48,100.00
129P04443,2020-06-16 05:40:00,67.10,100.00
129P04443,2020-06-16 05:50:00,68.19,100.00
129P04443,2020-06-16 06:00:00,68.29,100.00
129P04443,2020-06-16 06:10:00,66.67,100.00
129P04443,2020-06-16 06:20:00,68.19,100.00
129P04443,2020-06-16 06:30:00,69.97,100.00
129P04443,2020-06-16 06:40:00,68.46,100.00
129P04443,2020-06-16 06:50:00,68.99,100.00
129P04443,2020-06-16 07:00:00,68.38,98.10
129P04443,2020-06-16 07:10:00,67.21,97.60
129P04443,2020-06-16 07:20:00,71.26,100.00
129P04443,2020-06-16 07:30:00,65.65,100.00
129P04443,2020-06-16 07:40:00,65.29,100.00
129P04443,2020-06-16 07:50:00,67.47,100.00
129P04443,2020-06-16 08:00:00,67.76,100.00
129P04443,2020-06-16 08:10:00,66.35,100.00
129P04443,2020-06-16 08:20:00,63.78,100.00
129P04443,2020-06-16 08:30:00,67.85,100.00
129P04443,2020-06-16 08:40:00,66.08,100.00
129P04443,2020-06-16 08:50:00,65.48,99.80
129P04443,2020-06-16 09:00:00,64.99,100.00
129P04443,2020-06-16 09:10:00,65.40,100.00
129P04443,2020-06-16 09:20:00,67.99,98.80
129P04443,2020-06-16 09:30:00,68.08,98.60
129P04443,2020-06-16 09:40:00,65.08,99.80
129P04443,2020-06-16 09:50:00,66.94,100.00
129P04443,2020-06-16 10:00:00,69.58,100.00
129P04443,2020-06-16 10:10:00,69.28,99.10
129P04443,2020-06-16 10:20:00,64.13,98.00
129P04443,2020-06-16 10:30:00,66.57,98.60
129P04443,2020-06-16 10:40:00,66.89,99.80
129P04443,2020-06-16 10:50:00,66.60,99.90
129P04443,2020-06-16 11:00:00,67.80,99.60
129P04443,2020-06-16 11:10:00,65.89,100.00
129P04443,2020-06-16 11:20:00,63.99,98.70
129P04443,2020-06-16 11:30:00,69.99,99.40
129P04443,2020-06-16 11:40:00,64.32,100.00
129P04443,2020-06-16 11:50:00,63.87,100.00
129P04443,2020-06-16 12:00:00,66.76,100.00
129P04443,2020-06-16 12:10:00,64.16,99.40
129P04443,2020-06-16 12:20:00,66.88,100.00
129P04443,2020-06-16 12:30:00,65.59,100.00
129P04443,2020-06-16 12:40:00,67.08,95.80
129P04443,2020-06-16 12:50:00,65.10,100.00
129P04443,2020-06-16 13:00:00,68.75,80.10
129P04443,2020-06-16 13:10:00,66.26,98.30
129P04443,2020-06-16 13:20:00,66.66,95.70
129P04443,2020-06-16 13:30:00,66.45,98.80
129P04443,2020-06-16 13:40:00,69.48,97.40
129P04443,2020-06-16 13:50:00,67.58,100.00
129P04443,2020-06-16 14:00:00,66.78,100.00
129P04443,2020-06-16 14:10:00,65.06,100.00
129P04443,2020-06-16 14:20:00,65.49,100.00
129P04443,2020-06-16 14:30:00,67.14,100.00
129P04443,2020-06-16 14:40:00,67.89,100.00
129P04443,2020-06-16 14:50:00,66.09,100.00
129P04443,2020-06-16 15:00:00,69.34,100.00
129P04443,2020-06-16 15:10:00,67.40,100.00
129P04443,2020-06-16 15:20:00,65.07,98.40
129P04443,2020-06-16 15:30:00,62.44,100.00
129P04443,2020-06-16 15:40:00,67.32,100.00
129P04443,2020-06-16 15:50:00,66.18,100.00
129P04443,2020-06-16 16:00:00,67.08,100.00
129P04443,2020-06-16 16:10:00,70.77,96.10
129P04443,2020-06-16 16:20:00,64.38,100.00
129P04443,2020-06-16 16:30:00,69.29,99.60
129P04443,2020-06-16 16:40:00,68.68,100.00
129P04443,2020-06-16 16:50:00,68.35,98.20
129P04443,2020-06-16 17:00:00,66.64,100.00
129P04443,2020-06-16 17:10:00,64.87,100.00
129P04443,2020-06-16 17:20:00,65.67,100.00
129P04443,2020-06-16 17:30:00,69.68,95.50
129P04443,2020-06-16 17:40:00,70.38,94.00
129P04443,2020-06-16 17:50:00,69.81,85.10
129P04443,2020-06-16 18:00:00,69.68,90.00
129P04443,2020-06-16 18:10:00,65.76,100.00
129P04443,2020-06-16 18:20:00,66.29,100.00
129P04443,2020-06-16 18:30:00,69.28,99.00
129P04443,2020-06-16 18:40:00,69.67,88.50
129P04443,2020-06-16 18:50:00,67.68,95.70
129P04443,2020-06-16 19:00:00,68.00,100.00
129P04443,2020-06-16 19:10:00,72.40,65.50
129P04443,2020-06-16 19:20:00,70.28,100.00
129P04443,2020-06-16 19:30:00,65.35,100.00
129P04443,2020-06-16 19:40:00,66.42,100.00
129P04443,2020-06-16 19:50:00,67.90,100.00
129P04443,2020-06-16 20:00:00,65.78,98.10
129P04443,2020-06-16 20:10:00,73.59,44.70
129P04443,2020-06-16 20:20:00,64.65,65.67
129P04443,2020-06-16 20:30:00,70.09,91.90
129P04443,2020-06-16 20:40:00,71.40,86.80
129P04443,2020-06-16 20:50:00,71.18,94.90
129P04443,2020-06-16 21:00:00,69.59,98.00
129P04443,2020-06-16 21:10:00,67.77,55.20
129P04443,2020-06-16 21:20:00,67.28,92.10
129P04443,2020-06-16 21:30:00,67.00,98.30
129P04443,2020-06-16 21:40:00,64.49,100.00
129P04443,2020-06-16 21:50:00,67.48,100.00
129P04443,2020-06-16 22:00:00,67.12,90.30
129P04443,2020-06-16 22:10:00,72.90,51.30
129P04443,2020-06-16 22:20:00,70.03,73.80
129P04443,2020-06-16 22:30:00,64.90,81.80
129P04443,2020-06-16 22:40:00,67.09,95.10
129P04443,2020-06-16 22:50:00,63.65,99.10
129P04443,2020-06-16 23:00:00,69.80,90.40
129P04443,2020-06-16 23:10:00,67.87,82.75
129P04443,2020-06-16 23:20:00,75.24,38.70
129P04443,2020-06-16 23:30:00,80.80,23.50
129P04443,2020-06-16 23:40:00,71.48,40.60
129P04443,2020-06-16 23:50:00,67.40,56.30
129P04464,2020-06-16 00:00:00,55.00,100.00
129P04464,2020-06-16 00:10:00,55.00,100.00
129P04464,2020-06-16 00:20:00,,
129P04464,2020-06-16 00:30:00,,
129P04464,2020-06-16 00:40:00,67.25,26.75
129P04464,2020-06-16 00:50:00,67.00,67.30
129P04464,2020-06-16 01:00:00,,
129P04464,2020-06-16 01:10:00,,
129P04464,2020-06-16 01:20:00,,
129P04464,2020-06-16 01:30:00,,
129P04464,2020-06-16 01:40:00,,
129P04464,2020-06-16 01:50:00,,
129P04464,2020-06-16 02:00:00,,
129P04464,2020-06-16 02:10:00,,
129P04464,2020-06-16 02:20:00,67.00,100.00
129P04464,2020-06-16 02:30:00,69.00,96.80
129P04464,2020-06-16 02:40:00,67.97,96.00
129P04464,2020-06-16 02:50:00,,
129P04464,2020-06-16 03:00:00,66.00,93.25
129P04464,2020-06-16 03:10:00,66.00,95.00
129P04464,2020-06-16 03:20:00,,
129P04464,2020-06-16 03:30:00,,
129P04464,2020-06-16 03:40:00,,
129P04464,2020-06-16 03:50:00,69.00,
129P04464,2020-06-16 04:00:00,71.47,93.90
129P04464,2020-06-16 04:10:00,71.94,87.40
129P04464,2020-06-16 04:20:00,71.57,93.20
129P04464,2020-06-16 04:30:00,67.35,76.80
129P04464,2020-06-16 04:40:00,71.63,54.50
129P04464,2020-06-16 04:50:00,75.41,69.50
129P04464,2020-06-16 05:00:00,75.20,87.90
129P04464,2020-06-16 05:10:00,69.68,60.80
129P04464,2020-06-16 05:20:00,74.86,74.10
129P04464,2020-06-16 05:30:00,72.18,92.90
129P04464,2020-06-16 05:40:00,70.48,76.20
129P04464,2020-06-16 05:50:00,66.17,55.10
129P04464,2020-06-16 06:00:00,71.50,54.00
129P04464,2020-06-16 06:10:00,71.24,91.40
129P04464,2020-06-16 06:20:00,71.35,94.30
129P04464,2020-06-16 06:30:00,70.58,100.00
129P04464,2020-06-16 06:40:00,75.36,77.40
129P04464,2020-06-16 06:50:00,70.47,100.00
129P04464,2020-06-16 07:00:00,71.80,92.80
129P04464,2020-06-16 07:10:00,71.35,98.50
129P04464,2020-06-16 07:20:00,71.27,99.60
129P04464,2020-06-16 07:30:00,70.59,100.00
129P04464,2020-06-16 07:40:00,72.39,96.20
129P04464,2020-06-16 07:50:00,68.77,96.00
129P04464,2020-06-16 08:00:00,69.59,95.10
129P04464,2020-06-16 08:10:00,70.38,94.30
129P04464,2020-06-16 08:20:00,68.93,98.20
129P04464,2020-06-16 08:30:00,66.69,100.00
129P04464,2020-06-16 08:40:00,66.68,100.00
129P04464,2020-06-16 08:50:00,69.84,89.00
129P04464,2020-06-16 09:00:00,66.19,100.00
129P04464,2020-06-16 09:10:00,72.03,81.30
129P04464,2020-06-16 09:20:00,79.06,19.78
129P04464,2020-06-16 09:30:00,68.57,100.00
129P04464,2020-06-16 09:40:00,70.38,100.00
129P04464,2020-06-16 09:50:00,71.97,98.70
129P04464,2020-06-16 10:00:00,68.90,100.00
129P04464,2020-06-16 10:10:00,68.37,100.00
129P04464,2020-06-16 10:20:00,67.22,100.00
129P04464,2020-06-16 10:30:00,68.89,84.50
129P04464,2020-06-16 10:40:00,70.64,77.50
129P04464,2020-06-16 10:50:00,65.93,100.00
129P04464,2020-06-16 11:00:00,69.25,86.40
129P04464,2020-06-16 11:10:00,67.01,94.80
129P04464,2020-06-16 11:20:00,66.05,98.70
129P04464,2020-06-16 11:30:00,69.65,89.90
129P04464,2020-06-16 11:40:00,71.86,78.80
129P04464,2020-06-16 11:50:00,69.09,95.40
129P04464,2020-06-16 12:00:00,69.65,95.80
129P04464,2020-06-16 12:10:00,66.37,100.00
129P04464,2020-06-16 12:20:00,67.66,100.00
129P04464,2020-06-16 12:30:00,68.32,89.60
129P04464,2020-06-16 12:40:00,71.38,83.90
129P04464,2020-06-16 12:50:00,66.65,97.60
129P04464,2020-06-16 13:00:00,66.27,100.00
129P04464,2020-06-16 13:10:00,69.66,91.10
129P04464,2020-06-16 13:20:00,70.39,95.50
129P04464,2020-06-16 13:30:00,70.81,64.30
129P04464,2020-06-16 13:40:00,70.34,97.70
129P04464,2020-06-16 13:50:00,72.59,80.50
129P04464,2020-06-16 14:00:00,69.08,99.90
129P04464,2020-06-16 14:10:00,68.30,97.00
129P04464,2020-06-16 14:20:00,77.36,53.10
129P04464,2020-06-16 14:30:00,74.13,88.20
129P04464,2020-06-16 14:40:00,69.27,99.60
129P04464,2020-06-16 14:50:00,70.74,98.00
129P04464,2020-06-16 15:00:00,65.20,100.00
129P04464,2020-06-16 15:10:00,67.89,98.10
129P04464,2020-06-16 15:20:00,74.80,58.50
129P04464,2020-06-16 15:30:00,77.53,49.10
129P04464,2020-06-16 15:40:00,71.45,97.30
129P04464,2020-06-16 15:50:00,74.08,98.00
129P04464,2020-06-16 16:00:00,70.57,94.00
129P04464,2020-06-16 16:10:00,70.14,98.60
129P04464,2020-06-16 16:20:00,65.96,100.00
129P04464,2020-06-16 16:30:00,69.58,91.00
129P04464,2020-06-16 16:40:00,71.78,94.40
129P04464,2020-06-16 16:50:00,71.02,87.10
129P04464,2020-06-16 17:00:00,70.58,97.70
129P04464,2020-06-16 17:10:00,75.42,65.00
129P04464,2020-06-16 17:20:00,78.86,51.60
129P04464,2020-06-16 17:30:00,76.57,88.80
129P04464,2020-06-16 17:40:00,72.39,90.20
129P04464,2020-06-16 17:50:00,72.61,93.80
129P04464,2020-06-16 18:00:00,73.99,95.30
129P04464,2020-06-16 18:10:00,70.60,100.00
129P04464,2020-06-16 18:20:00,73.35,93.20
129P04464,2020-06-16 18:30:00,73.46,98.60
129P04464,2020-06-16 18:40:00,78.00,64.30
129P04464,2020-06-16 18:50:00,73.15,95.70
129P04464,2020-06-16 19:00:00,73.74,97.33
129P04464,2020-06-16 19:10:00,70.43,96.40
129P04464,2020-06-16 19:20:00,70.80,100.00
129P04464,2020-06-16 19:30:00,68.28,100.00
129P04464,2020-06-16 19:40:00,69.60,100.00
129P04464,2020-06-16 19:50:00,72.33,80.60
129P04464,2020-06-16 20:00:00,71.96,100.00
129P04464,2020-06-16 20:10:00,73.16,82.80
129P04464,2020-06-16 20:20:00,76.10,59.30
129P04464,2020-06-16 20:30:00,68.62,95.70
129P04464,2020-06-16 20:40:00,70.16,100.00
129P04464,2020-06-16 20:50:00,75.66,79.20
129P04464,2020-06-16 21:00:00,75.00,95.75
129P04464,2020-06-16 21:10:00,72.77,88.80
129P04464,2020-06-16 21:20:00,68.58,100.00
129P04464,2020-06-16 21:30:00,67.76,100.00
129P04464,2020-06-16 21:40:00,71.62,86.30
129P04464,2020-06-16 21:50:00,70.89,96.60
129P04464,2020-06-16 22:00:00,70.00,100.00
129P04464,2020-06-16 22:10:00,,
129P04464,2020-06-16 22:20:00,61.20,100.00
129P04464,2020-06-16 22:30:00,61.12,100.00
129P04464,2020-06-16 22:40:00,83.00,27.00
129P04464,2020-06-16 22:50:00,82.29,34.89
129P04464,2020-06-16 23:00:00,69.32,86.50
129P04464,2020-06-16 23:10:00,61.58,69.50
129P04464,2020-06-16 23:20:00,,
129P04464,2020-06-16 23:30:00,76.00,
129P04464,2020-06-16 23:40:00,76.00,
129P04464,2020-06-16 23:50:00,76.00,
129P04442,2020-06-16 00:00:00,65.00,72.14
129P04442,2020-06-16 00:10:00,76.46,24.90
129P04442,2020-06-16 00:20:00,81.00,17.33
129P04442,2020-06-16 00:30:00,,
129P04442,2020-06-16 00:40:00,,
129P04442,2020-06-16 00:50:00,,
129P04442,2020-06-16 01:00:00,64.00,63.75
129P04442,2020-06-16 01:10:00,63.43,95.00
129P04442,2020-06-16 01:20:00,67.00,79.40
129P04442,2020-06-16 01:30:00,56.72,49.60
129P04442,2020-06-16 01:40:00,54.00,59.25
129P04442,2020-06-16 01:50:00,,
129P04442,2020-06-16 02:00:00,,
129P04442,2020-06-16 02:10:00,,
129P04442,2020-06-16 02:20:00,,
129P04442,2020-06-16 02:30:00,,
129P04442,2020-06-16 02:40:00,,
129P04442,2020-06-16 02:50:00,,
129P04442,2020-06-16 03:00:00,66.00,100.00
129P04442,2020-06-16 03:10:00,68.00,95.86
129P04442,2020-06-16 03:20:00,68.00,98.00
129P04442,2020-06-16 03:30:00,73.00,63.00
129P04442,2020-06-16 03:40:00,73.00,78.40
129P04442,2020-06-16 03:50:00,76.17,63.20
129P04442,2020-06-16 04:00:00,73.17,95.30
129P04442,2020-06-16 04:10:00,74.87,92.30
129P04442,2020-06-16 04:20:00,75.36,93.80
129P04442,2020-06-16 04:30:00,73.08,96.20
129P04442,2020-06-16 04:40:00,77.30,79.10
129P04442,2020-06-16 04:50:00,77.19,82.70
129P04442,2020-06-16 05:00:00,73.68,99.80
129P04442,2020-06-16 05:10:00,71.32,78.60
129P04442,2020-06-16 05:20:00,72.93,98.40
129P04442,2020-06-16 05:30:00,74.07,99.20
129P04442,2020-06-16 05:40:00,71.59,100.00
129P04442,2020-06-16 05:50:00,72.59,100.00
129P04442,2020-06-16 06:00:00,70.20,100.00
129P04442,2020-06-16 06:10:00,70.47,99.80
129P04442,2020-06-16 06:20:00,72.49,100.00
129P04442,2020-06-16 06:30:00,72.19,100.00
129P04442,2020-06-16 06:40:00,72.27,100.00
129P04442,2020-06-16 06:50:00,72.88,100.00
129P04442,2020-06-16 07:00:00,70.54,100.00
129P04442,2020-06-16 07:10:00,74.17,98.80
129P04442,2020-06-16 07:20:00,73.36,99.80
129P04442,2020-06-16 07:30:00,70.57,100.00
129P04442,2020-06-16 07:40:00,70.19,100.00
129P04442,2020-06-16 07:50:00,72.29,99.10
129P04442,2020-06-16 08:00:00,69.06,97.50
129P04442,2020-06-16 08:10:00,70.68,98.80
129P04442,2020-06-16 08:20:00,70.00,100.00
129P04442,2020-06-16 08:30:00,70.67,100.00
129P04442,2020-06-16 08:40:00,67.58,99.00
129P04442,2020-06-16 08:50:00,71.47,90.50
129P04442,2020-06-16 09:00:00,67.95,97.50
129P04442,2020-06-16 09:10:00,68.47,99.60
129P04442,2020-06-16 09:20:00,71.69,99.60
129P04442,2020-06-16 09:30:00,67.87,99.30
129P04442,2020-06-16 09:40:00,68.98,100.00
129P04442,2020-06-16 09:50:00,71.39,94.80
129P04442,2020-06-16 10:00:00,70.49,100.00
129P04442,2020-06-16 10:10:00,70.95,95.50
129P04442,2020-06-16 10:20:00,66.69,100.00
129P04442,2020-06-16 10:30:00,69.38,99.50
129P04442,2020-06-16 10:40:00,70.68,99.80
129P04442,2020-06-16 10:50:00,71.08,94.60
129P04442,2020-06-16 11:00:00,69.19,99.40
129P04442,2020-06-16 11:10:00,69.73,94.70
129P04442,2020-06-16 11:20:00,71.37,87.40
129P04442,2020-06-16 11:30:00,70.43,98.10
129P04442,2020-06-16 11:40:00,68.05,100.00
129P04442,2020-06-16 11:50:00,68.98,100.00
129P04442,2020-06-16 12:00:00,70.09,99.00
129P04442,2020-06-16 12:10:00,69.86,93.50
129P04442,2020-06-16 12:20:00,69.89,100.00
129P04442,2020-06-16 12:30:00,69.47,100.00
129P04442,2020-06-16 12:40:00,70.17,99.60
129P04442,2020-06-16 12:50:00,71.10,96.90
129P04442,2020-06-16 13:00:00,71.54,88.90
129P04442,2020-06-16 13:10:00,70.66,98.90
129P04442,2020-06-16 13:20:00,71.30,91.80
129P04442,2020-06-16 13:30:00,71.93,92.40
129P04442,2020-06-16 13:40:00,69.09,99.70
129P04442,2020-06-16 13:50:00,71.47,100.00
129P04442,2020-06-16 14:00:00,73.97,88.50
129P04442,2020-06-16 14:10:00,71.85,94.40
129P04442,2020-06-16 14:20:00,72.32,93.20
129P04442,2020-06-16 14:30:00,72.76,100.00
129P04442,2020-06-16 14:40:00,69.68,100.00
129P04442,2020-06-16 14:50:00,72.08,100.00
129P04442,2020-06-16 15:00:00,72.17,93.90
129P04442,2020-06-16 15:10:00,70.28,97.80
129P04442,2020-06-16 15:20:00,70.14,96.50
129P04442,2020-06-16 15:30:00,68.74,96.60
129P04442,2020-06-16 15:40:00,71.79,92.90
129P04442,2020-06-16 15:50:00,68.48,99.70
129P04442,2020-06-16 16:00:00,71.19,92.50
129P04442,2020-06-16 16:10:00,72.14,87.00
129P04442,2020-06-16 16:20:00,68.84,100.00
129P04442,2020-06-16 16:30:00,72.59,96.20
129P04442,2020-06-16 16:40:00,73.58,98.80
129P04442,2020-06-16 16:50:00,70.50,100.00
129P04442,2020-06-16 17:00:00,70.72,96.20
129P04442,2020-06-16 17:10:00,70.18,99.30
129P04442,2020-06-16 17:20:00,70.94,98.30
129P04442,2020-06-16 17:30:00,73.27,100.00
129P04442,2020-06-16 17:40:00,73.17,78.10
129P04442,2020-06-16 17:50:00,70.98,95.10
129P04442,2020-06-16 18:00:00,70.89,99.90
129P04442,2020-06-16 18:10:00,69.78,100.00
129P04442,2020-06-16 18:20:00,74.09,90.50
129P04442,2020-06-16 18:30:00,72.35,89.30
129P04442,2020-06-16 18:40:00,69.58,100.00
129P04442,2020-06-16 18:50:00,70.96,99.30
129P04442,2020-06-16 19:00:00,72.55,95.89
129P04442,2020-06-16 19:10:00,72.09,89.70
129P04442,2020-06-16 19:20:00,69.27,99.00
129P04442,2020-06-16 19:30:00,68.23,98.10
129P04442,2020-06-16 19:40:00,71.43,96.20
129P04442,2020-06-16 19:50:00,70.52,97.60
129P04442,2020-06-16 20:00:00,70.09,86.10
129P04442,2020-06-16 20:10:00,71.85,89.00
129P04442,2020-06-16 20:20:00,71.72,85.30
129P04442,2020-06-16 20:30:00,67.77,100.00
129P04442,2020-06-16 20:40:00,69.39,100.00
129P04442,2020-06-16 20:50:00,69.49,100.00
129P04442,2020-06-16 21:00:00,71.88,100.00
129P04442,2020-06-16 21:10:00,72.78,91.30
129P04442,2020-06-16 21:20:00,71.75,97.00
129P04442,2020-06-16 21:30:00,68.00,94.80
129P04442,2020-06-16 21:40:00,68.58,100.00
129P04442,2020-06-16 21:50:00,68.45,100.00
129P04442,2020-06-16 22:00:00,73.58,68.00
129P04442,2020-06-16 22:10:00,71.75,87.80
129P04442,2020-06-16 22:20:00,74.10,78.00
129P04442,2020-06-16 22:30:00,68.90,97.30
129P04442,2020-06-16 22:40:00,66.94,100.00
129P04442,2020-06-16 22:50:00,70.20,100.00
129P04442,2020-06-16 23:00:00,69.16,96.20
129P04442,2020-06-16 23:10:00,68.02,70.70
129P04442,2020-06-16 23:20:00,77.56,25.80
129P04442,2020-06-16 23:30:00,83.00,25.60
129P04442,2020-06-16 23:40:00,79.78,73.14
129P04442,2020-06-16 23:50:00,75.28,85.70
129P04463,2020-06-16 00:00:00,57.18,78.00
129P04463,2020-06-16 00:10:00,52.90,74.00
129P04463,2020-06-16 00:20:00,55.00,80.00
129P04463,2020-06-16 00:30:00,,
129P04463,2020-06-16 00:40:00,55.00,96.13
129P04463,2020-06-16 00:50:00,56.51,75.80
129P04463,2020-06-16 01:00:00,49.00,85.25
129P04463,2020-06-16 01:10:00,,
129P04463,2020-06-16 01:20:00,,
129P04463,2020-06-16 01:30:00,,
129P04463,2020-06-16 01:40:00,,
129P04463,2020-06-16 01:50:00,,
129P04463,2020-06-16 02:00:00,,
129P04463,2020-06-16 02:10:00,,
129P04463,2020-06-16 02:20:00,56.33,97.00
129P04463,2020-06-16 02:30:00,56.15,99.10
129P04463,2020-06-16 02:40:00,57.00,98.00
129P04463,2020-06-16 02:50:00,,
129P04463,2020-06-16 03:00:00,57.00,99.00
129P04463,2020-06-16 03:10:00,,
129P04463,2020-06-16 03:20:00,,
129P04463,2020-06-16 03:30:00,,
129P04463,2020-06-16 03:40:00,,
129P04463,2020-06-16 03:50:00,59.00,100.00
129P04463,2020-06-16 04:00:00,61.74,97.40
129P04463,2020-06-16 04:10:00,62.77,94.40
129P04463,2020-06-16 04:20:00,61.18,98.00
129P04463,2020-06-16 04:30:00,56.75,77.30
129P04463,2020-06-16 04:40:00,61.09,72.80
129P04463,2020-06-16 04:50:00,62.24,82.00
129P04463,2020-06-16 05:00:00,61.34,94.40
129P04463,2020-06-16 05:10:00,59.78,88.30
129P04463,2020-06-16 05:20:00,62.33,93.50
129P04463,2020-06-16 05:30:00,64.37,96.00
129P04463,2020-06-16 05:40:00,61.00,98.20
129P04463,2020-06-16 05:50:00,58.68,76.30
129P04463,2020-06-16 06:00:00,58.93,93.70
129P04463,2020-06-16 06:10:00,61.39,100.00
129P04463,2020-06-16 06:20:00,60.39,100.00
129P04463,2020-06-16 06:30:00,60.79,100.00
129P04463,2020-06-16 06:40:00,61.17,84.00
129P04463,2020-06-16 06:50:00,61.78,97.60
129P04463,2020-06-16 07:00:00,60.31,97.40
129P04463,2020-06-16 07:10:00,57.19,100.00
129P04463,2020-06-16 07:20:00,59.39,100.00
129P04463,2020-06-16 07:30:00,57.78,100.00
129P04463,2020-06-16 07:40:00,61.36,97.90
129P04463,2020-06-16 07:50:00,60.16,100.00
129P04463,2020-06-16 08:00:00,57.19,100.00
129P04463,2020-06-16 08:10:00,58.17,99.10
129P04463,2020-06-16 08:20:00,60.11,95.80
129P04463,2020-06-16 08:30:00,57.19,100.00
129P04463,2020-06-16 08:40:00,61.71,92.20
129P04463,2020-06-16 08:50:00,57.07,95.90
129P04463,2020-06-16 09:00:00,56.35,100.00
129P04463,2020-06-16 09:10:00,58.78,96.30
129P04463,2020-06-16 09:20:00,54.75,74.00
129P04463,2020-06-16 09:30:00,53.85,88.60
129P04463,2020-06-16 09:40:00,55.78,100.00
129P04463,2020-06-16 09:50:00,60.55,74.00
129P04463,2020-06-16 10:00:00,57.00,100.00
129P04463,2020-06-16 10:10:00,55.78,100.00
129P04463,2020-06-16 10:20:00,54.78,100.00
129P04463,2020-06-16 10:30:00,56.73,98.10
129P04463,2020-06-16 10:40:00,56.18,100.00
129P04463,2020-06-16 10:50:00,51.69,100.00
129P04463,2020-06-16 11:00:00,56.96,88.00
129P04463,2020-06-16 11:10:00,52.57,100.00
129P04463,2020-06-16 11:20:00,50.08,100.00
129P04463,2020-06-16 11:30:00,55.94,92.40
129P04463,2020-06-16 11:40:00,54.29,97.60
129P04463,2020-06-16 11:50:00,54.51,100.00
129P04463,2020-06-16 12:00:00,59.81,57.90
129P04463,2020-06-16 12:10:00,59.03,80.10
129P04463,2020-06-16 12:20:00,57.91,72.20
129P04463,2020-06-16 12:30:00,56.16,97.50
129P04463,2020-06-16 12:40:00,57.78,98.70
129P04463,2020-06-16 12:50:00,57.35,97.30
129P04463,2020-06-16 13:00:00,56.79,100.00
129P04463,2020-06-16 13:10:00,56.18,100.00
129P04463,2020-06-16 13:20:00,60.14,90.70
129P04463,2020-06-16 13:30:00,58.55,98.00
129P04463,2020-06-16 13:40:00,59.73,100.00
129P04463,2020-06-16 13:50:00,60.55,88.10
129P04463,2020-06-16 14:00:00,60.17,100.00
129P04463,2020-06-16 14:10:00,56.79,100.00
129P04463,2020-06-16 14:20:00,56.99,94.90
129P04463,2020-06-16 14:30:00,58.33,93.20
129P04463,2020-06-16 14:40:00,57.97,100.00
129P04463,2020-06-16 14:50:00,58.17,100.00
129P04463,2020-06-16 15:00:00,55.55,100.00
129P04463,2020-06-16 15:10:00,57.77,97.80
129P04463,2020-06-16 15:20:00,60.13,75.60
129P04463,2020-06-16 15:30:00,61.76,69.70
129P04463,2020-06-16 15:40:00,59.94,100.00
129P04463,2020-06-16 15:50:00,58.09,100.00
129P04463,2020-06-16 16:00:00,58.39,100.00
129P04463,2020-06-16 16:10:00,58.18,99.20
129P04463,2020-06-16 16:20:00,58.59,99.80
129P04463,2020-06-16 16:30:00,59.98,100.00
129P04463,2020-06-16 16:40:00,59.97,100.00
129P04463,2020-06-16 16:50:00,58.91,100.00
129P04463,2020-06-16 17:00:00,59.39,100.00
129P04463,2020-06-16 17:10:00,61.76,90.60
129P04463,2020-06-16 17:20:00,57.59,98.80
129P04463,2020-06-16 17:30:00,59.54,92.70
129P04463,2020-06-16 17:40:00,58.77,100.00
129P04463,2020-06-16 17:50:00,58.93,100.00
129P04463,2020-06-16 18:00:00,60.09,97.00
129P04463,2020-06-16 18:10:00,57.76,98.80
129P04463,2020-06-16 18:20:00,61.36,88.90
129P04463,2020-06-16 18:30:00,57.78,100.00
129P04463,2020-06-16 18:40:00,60.17,95.90
129P04463,2020-06-16 18:50:00,62.76,92.00
129P04463,2020-06-16 19:00:00,52.76,98.78
129P04463,2020-06-16 19:10:00,58.87,95.30
129P04463,2020-06-16 19:20:00,58.99,95.10
129P04463,2020-06-16 19:30:00,59.30,100.00
129P04463,2020-06-16 19:40:00,61.00,100.00
129P04463,2020-06-16 19:50:00,53.01,50.80
129P04463,2020-06-16 20:00:00,59.98,76.50
129P04463,2020-06-16 20:10:00,58.63,80.20
129P04463,2020-06-16 20:20:00,61.00,60.80
129P04463,2020-06-16 20:30:00,61.00,100.00
129P04463,2020-06-16 20:40:00,49.24,33.70
129P04463,2020-06-16 20:50:00,61.00,100.00
129P04463,2020-06-16 21:00:00,58.96,100.00
129P04463,2020-06-16 21:10:00,57.56,100.00
129P04463,2020-06-16 21:20:00,56.72,100.00
129P04463,2020-06-16 21:30:00,56.78,100.00
129P04463,2020-06-16 21:40:00,58.79,87.60
129P04463,2020-06-16 21:50:00,59.78,99.00
129P04463,2020-06-16 22:00:00,59.00,99.00
129P04463,2020-06-16 22:10:00,60.54,81.00
129P04463,2020-06-16 22:20:00,48.21,95.60
129P04463,2020-06-16 22:30:00,45.70,100.00
129P04463,2020-06-16 22:40:00,59.00,100.00
129P04463,2020-06-16 22:50:00,60.68,85.60
129P04463,2020-06-16 23:00:00,50.41,84.40
129P04463,2020-06-16 23:10:00,56.69,81.60
129P04463,2020-06-16 23:20:00,61.00,89.83
129P04463,2020-06-16 23:30:00,,
129P04463,2020-06-16 23:40:00,,
129P04463,2020-06-16 23:50:00,53.00,90.17
129P04441,2020-06-16 00:00:00,59.00,44.88
129P04441,2020-06-16 00:10:00,71.84,34.90
129P04441,2020-06-16 00:20:00,76.79,23.50
129P04441,2020-06-16 00:30:00,,
129P04441,2020-06-16 00:40:00,,
129P04441,2020-06-16 00:50:00,,
129P04441,2020-06-16 01:00:00,67.00,88.50
129P04441,2020-06-16 01:10:00,61.00,61.00
129P04441,2020-06-16 01:20:00,70.14,85.14
129P04441,2020-06-16 01:30:00,56.19,29.70
129P04441,2020-06-16 01:40:00,54.00,49.00
129P04441,2020-06-16 01:50:00,,
129P04441,2020-06-16 02:00:00,,
129P04441,2020-06-16 02:10:00,,
129P04441,2020-06-16 02:20:00,,
129P04441,2020-06-16 02:30:00,,
129P04441,2020-06-16 02:40:00,,
129P04441,2020-06-16 02:50:00,63.00,
129P04441,2020-06-16 03:00:00,63.00,100.00
129P04441,2020-06-16 03:10:00,67.59,87.00
129P04441,2020-06-16 03:20:00,67.39,92.70
129P04441,2020-06-16 03:30:00,73.62,38.00
129P04441,2020-06-16 03:40:00,71.00,82.30
129P04441,2020-06-16 03:50:00,71.15,79.29
129P04441,2020-06-16 04:00:00,73.29,77.40
129P04441,2020-06-16 04:10:00,75.38,77.90
129P04441,2020-06-16 04:20:00,76.15,80.20
129P04441,2020-06-16 04:30:00,74.97,93.80
129P04441,2020-06-16 04:40:00,78.16,82.10
129P04441,2020-06-16 04:50:00,75.13,93.20
129P04441,2020-06-16 05:00:00,75.20,99.90
129P04441,2020-06-16 05:10:00,72.75,82.30
129P04441,2020-06-16 05:20:00,74.57,99.60
129P04441,2020-06-16 05:30:00,75.18,98.60
129P04441,2020-06-16 05:40:00,73.79,100.00
129P04441,2020-06-16 05:50:00,74.38,100.00
129P04441,2020-06-16 06:00:00,73.53,94.50
129P04441,2020-06-16 06:10:00,73.93,98.20
129P04441,2020-06-16 06:20:00,74.96,100.00
129P04441,2020-06-16 06:30:00,75.59,99.90
129P04441,2020-06-16 06:40:00,73.77,100.00
129P04441,2020-06-16 06:50:00,74.19,100.00
129P04441,2020-06-16 07:00:00,72.38,100.00
129P04441,2020-06-16 07:10:00,74.99,100.00
129P04441,2020-06-16 07:20:00,75.77,90.40
129P04441,2020-06-16 07:30:00,71.97,96.80
129P04441,2020-06-16 07:40:00,72.18,100.00
129P04441,2020-06-16 07:50:00,73.58,99.70
129P04441,2020-06-16 08:00:00,70.00,100.00
129P04441,2020-06-16 08:10:00,70.99,99.20
129P04441,2020-06-16 08:20:00,69.69,100.00
129P04441,2020-06-16 08:30:00,73.59,100.00
129P04441,2020-06-16 08:40:00,70.35,99.00
129P04441,2020-06-16 08:50:00,72.72,89.40
129P04441,2020-06-16 09:00:00,71.69,91.10
129P04441,2020-06-16 09:10:00,70.38,100.00
129P04441,2020-06-16 09:20:00,72.52,95.10
129P04441,2020-06-16 09:30:00,68.70,100.00
129P04441,2020-06-16 09:40:00,70.78,100.00
129P04441,2020-06-16 09:50:00,72.90,90.50
129P04441,2020-06-16 10:00:00,71.53,97.20
129P04441,2020-06-16 10:10:00,70.96,97.60
129P04441,2020-06-16 10:20:00,71.17,97.60
129P04441,2020-06-16 10:30:00,68.79,100.00
129P04441,2020-06-16 10:40:00,69.59,100.00
129P04441,2020-06-16 10:50:00,67.59,100.00
129P04441,2020-06-16 11:00:00,68.39,100.00
129P04441,2020-06-16 11:10:00,67.67,100.00
129P04441,2020-06-16 11:20:00,69.48,84.00
129P04441,2020-06-16 11:30:00,69.89,98.50
129P04441,2020-06-16 11:40:00,70.75,87.80
129P04441,2020-06-16 11:50:00,70.57,99.40
129P04441,2020-06-16 12:00:00,72.38,89.80
129P04441,2020-06-16 12:10:00,71.86,85.80
129P04441,2020-06-16 12:20:00,69.83,97.90
129P04441,2020-06-16 12:30:00,72.15,100.00
129P04441,2020-06-16 12:40:00,72.06,99.30
129P04441,2020-06-16 12:50:00,72.99,95.50
129P04441,2020-06-16 13:00:00,73.29,88.90
129P04441,2020-06-16 13:10:00,72.95,85.10
129P04441,2020-06-16 13:20:00,68.70,86.20
129P04441,2020-06-16 13:30:00,73.59,92.50
129P04441,2020-06-16 13:40:00,70.08,100.00
129P04441,2020-06-16 13:50:00,71.55,99.70
129P04441,2020-06-16 14:00:00,77.32,53.40
129P04441,2020-06-16 14:10:00,71.83,99.60
129P04441,2020-06-16 14:20:00,72.61,94.60
129P04441,2020-06-16 14:30:00,73.47,98.40
129P04441,2020-06-16 14:40:00,70.73,99.30
129P04441,2020-06-16 14:50:00,69.99,100.00
129P04441,2020-06-16 15:00:00,72.51,86.60
129P04441,2020-06-16 15:10:00,70.12,95.80
129P04441,2020-06-16 15:20:00,69.75,91.10
129P04441,2020-06-16 15:30:00,72.38,74.30
129P04441,2020-06-16 15:40:00,70.36,97.90
129P04441,2020-06-16 15:50:00,72.52,100.00
129P04441,2020-06-16 16:00:00,74.12,93.10
129P04441,2020-06-16 16:10:00,74.93,90.40
129P04441,2020-06-16 16:20:00,71.15,100.00
129P04441,2020-06-16 16:30:00,73.08,99.00
129P04441,2020-06-16 16:40:00,73.75,97.60
129P04441,2020-06-16 16:50:00,71.05,100.00
129P04441,2020-06-16 17:00:00,71.57,97.70
129P04441,2020-06-16 17:10:00,71.78,100.00
129P04441,2020-06-16 17:20:00,76.18,97.70
129P04441,2020-06-16 17:30:00,76.48,93.60
129P04441,2020-06-16 17:40:00,74.02,96.00
129P04441,2020-06-16 17:50:00,72.91,98.80
129P04441,2020-06-16 18:00:00,70.92,99.50
129P04441,2020-06-16 18:10:00,71.58,100.00
129P04441,2020-06-16 18:20:00,71.17,100.00
129P04441,2020-06-16 18:30:00,73.27,94.10
129P04441,2020-06-16 18:40:00,72.68,99.00
129P04441,2020-06-16 18:50:00,71.95,95.00
129P04441,2020-06-16 19:00:00,75.87,82.78
129P04441,2020-06-16 19:10:00,73.75,91.80
129P04441,2020-06-16 19:20:00,71.03,100.00
129P04441,2020-06-16 19:30:00,71.25,100.00
129P04441,2020-06-16 19:40:00,70.01,100.00
129P04441,2020-06-16 19:50:00,78.11,33.80
129P04441,2020-06-16 20:00:00,81.37,44.50
129P04441,2020-06-16 20:10:00,72.58,100.00
129P04441,2020-06-16 20:20:00,69.02,99.60
129P04441,2020-06-16 20:30:00,70.76,94.60
129P04441,2020-06-16 20:40:00,71.42,94.40
129P04441,2020-06-16 20:50:00,72.87,86.90
129P04441,2020-06-16 21:00:00,74.38,96.90
129P04441,2020-06-16 21:10:00,73.84,78.70
129P04441,2020-06-16 21:20:00,72.65,100.00
129P04441,2020-06-16 21:30:00,69.17,100.00
129P04441,2020-06-16 21:40:00,67.26,100.00
129P04441,2020-06-16 21:50:00,66.59,100.00
129P04441,2020-06-16 22:00:00,65.12,76.67
129P04441,2020-06-16 22:10:00,63.00,72.33
129P04441,2020-06-16 22:20:00,69.56,92.86
129P04441,2020-06-16 22:30:00,69.10,82.90
129P04441,2020-06-16 22:40:00,67.17,95.60
129P04441,2020-06-16 22:50:00,71.99,63.60
129P04441,2020-06-16 23:00:00,74.19,60.20
129P04441,2020-06-16 23:10:00,76.55,54.50
129P04441,2020-06-16 23:20:00,78.77,51.44
129P04441,2020-06-16 23:30:00,,
129P04441,2020-06-16 23:40:00,79.56,79.43
129P04441,2020-06-16 23:50:00,79.00,94.89
129P04440,2020-06-16 00:00:00,65.93,78.50
129P04440,2020-06-16 00:10:00,75.90,16.20
129P04440,2020-06-16 00:20:00,,
129P04440,2020-06-16 00:30:00,75.00,
129P04440,2020-06-16 00:40:00,70.00,
129P04440,2020-06-16 00:50:00,68.47,
129P04440,2020-06-16 01:00:00,62.66,76.33
129P04440,2020-06-16 01:10:00,62.00,100.00
129P04440,2020-06-16 01:20:00,62.70,70.22
129P04440,2020-06-16 01:30:00,55.65,50.33
129P04440,2020-06-16 01:40:00,,
129P04440,2020-06-16 01:50:00,,
129P04440,2020-06-16 02:00:00,,
129P04440,2020-06-16 02:10:00,,
129P04440,2020-06-16 02:20:00,,
129P04440,2020-06-16 02:30:00,,
129P04440,2020-06-16 02:40:00,,
129P04440,2020-06-16 02:50:00,59.00,100.00
129P04440,2020-06-16 03:00:00,59.92,91.50
129P04440,2020-06-16 03:10:00,65.00,72.56
129P04440,2020-06-16 03:20:00,,
129P04440,2020-06-16 03:30:00,69.58,42.40
129P04440,2020-06-16 03:40:00,73.73,33.80
129P04440,2020-06-16 03:50:00,76.78,65.90
129P04440,2020-06-16 04:00:00,73.54,89.80
129P04440,2020-06-16 04:10:00,72.00,91.60
129P04440,2020-06-16 04:20:00,75.08,94.20
129P04440,2020-06-16 04:30:00,76.17,88.10
129P04440,2020-06-16 04:40:00,77.18,69.60
129P04440,2020-06-16 04:50:00,76.28,96.00
129P04440,2020-06-16 05:00:00,73.69,100.00
129P04440,2020-06-16 05:10:00,71.70,83.80
129P04440,2020-06-16 05:20:00,76.58,92.30
129P04440,2020-06-16 05:30:00,77.36,91.10
129P04440,2020-06-16 05:40:00,72.78,100.00
129P04440,2020-06-16 05:50:00,73.86,98.20
129P04440,2020-06-16 06:00:00,71.24,100.00
129P04440,2020-06-16 06:10:00,70.60,100.00
129P04440,2020-06-16 06:20:00,73.97,100.00
129P04440,2020-06-16 06:30:00,75.67,95.90
129P04440,2020-06-16 06:40:00,70.79,100.00
129P04440,2020-06-16 06:50:00,73.67,100.00
129P04440,2020-06-16 07:00:00,72.05,100.00
129P04440,2020-06-16 07:10:00,73.99,98.20
129P04440,2020-06-16 07:20:00,71.09,100.00
129P04440,2020-06-16 07:30:00,70.50,100.00
129P04440,2020-06-16 07:40:00,70.89,100.00
129P04440,2020-06-16 07:50:00,71.36,98.00
129P04440,2020-06-16 08:00:00,70.40,99.40
129P04440,2020-06-16 08:10:00,72.49,96.60
129P04440,2020-06-16 08:20:00,72.58,98.00
129P04440,2020-06-16 08:30:00,70.86,100.00
129P04440,2020-06-16 08:40:00,66.86,100.00
129P04440,2020-06-16 08:50:00,75.08,65.70
129P04440,2020-06-16 09:00:00,69.01,96.30
129P04440,2020-06-16 09:10:00,69.09,95.00
129P04440,2020-06-16 09:20:00,73.99,72.90
129P04440,2020-06-16 09:30:00,66.67,100.00
129P04440,2020-06-16 09:40:00,68.57,97.30
129P04440,2020-06-16 09:50:00,74.48,65.80
129P04440,2020-06-16 10:00:00,75.59,94.40
129P04440,2020-06-16 10:10:00,73.25,84.90
129P04440,2020-06-16 10:20:00,70.87,99.00
129P04440,2020-06-16 10:30:00,68.27,100.00
129P04440,2020-06-16 10:40:00,68.99,100.00
129P04440,2020-06-16 10:50:00,71.66,88.10
129P04440,2020-06-16 11:00:00,69.99,98.80
129P04440,2020-06-16 11:10:00,71.98,72.10
129P04440,2020-06-16 11:20:00,72.14,91.90
129P04440,2020-06-16 11:30:00,69.04,100.00
129P04440,2020-06-16 11:40:00,69.79,99.30
129P04440,2020-06-16 11:50:00,74.18,74.10
129P04440,2020-06-16 12:00:00,74.89,81.20
129P04440,2020-06-16 12:10:00,71.53,92.80
129P04440,2020-06-16 12:20:00,69.45,100.00
129P04440,2020-06-16 12:30:00,71.32,99.40
129P04440,2020-06-16 12:40:00,72.81,92.10
129P04440,2020-06-16 12:50:00,73.75,81.40
129P04440,2020-06-16 13:00:00,70.48,100.00
129P04440,2020-06-16 13:10:00,69.55,85.80
129P04440,2020-06-16 13:20:00,73.81,83.70
129P04440,2020-06-16 13:30:00,73.01,95.30
129P04440,2020-06-16 13:40:00,70.64,100.00
129P04440,2020-06-16 13:50:00,70.87,100.00
129P04440,2020-06-16 14:00:00,75.58,79.40
129P04440,2020-06-16 14:10:00,68.10,95.40
129P04440,2020-06-16 14:20:00,75.78,65.50
129P04440,2020-06-16 14:30:00,74.68,100.00
129P04440,2020-06-16 14:40:00,72.49,99.40
129P04440,2020-06-16 14:50:00,69.55,100.00
129P04440,2020-06-16 15:00:00,70.28,94.90
129P04440,2020-06-16 15:10:00,68.00,100.00
129P04440,2020-06-16 15:20:00,67.05,100.00
129P04440,2020-06-16 15:30:00,68.88,87.60
129P04440,2020-06-16 15:40:00,71.36,91.60
129P04440,2020-06-16 15:50:00,72.23,97.00
129P04440,2020-06-16 16:00:00,71.93,81.70
129P04440,2020-06-16 16:10:00,77.18,41.30
129P04440,2020-06-16 16:20:00,72.09,99.30
129P04440,2020-06-16 16:30:00,72.04,98.80
129P04440,2020-06-16 16:40:00,76.34,82.60
129P04440,2020-06-16 16:50:00,75.30,97.90
129P04440,2020-06-16 17:00:00,75.88,91.30
129P04440,2020-06-16 17:10:00,74.87,99.00
129P04440,2020-06-16 17:20:00,75.38,98.30
129P04440,2020-06-16 17:30:00,75.27,100.00
129P04440,2020-06-16 17:40:00,72.89,100.00
129P04440,2020-06-16 17:50:00,71.42,99.30
129P04440,2020-06-16 18:00:00,70.02,100.00
129P04440,2020-06-16 18:10:00,73.52,100.00
129P04440,2020-06-16 18:20:00,73.65,89.00
129P04440,2020-06-16 18:30:00,74.83,80.80
129P04440,2020-06-16 18:40:00,73.17,97.00
129P04440,2020-06-16 18:50:00,79.44,53.00
129P04440,2020-06-16 19:00:00,73.33,99.89
129P04440,2020-06-16 19:10:00,69.38,100.00
129P04440,2020-06-16 19:20:00,67.45,100.00
129P04440,2020-06-16 19:30:00,70.74,100.00
129P04440,2020-06-16 19:40:00,68.26,100.00
129P04440,2020-06-16 19:50:00,72.39,63.60
129P04440,2020-06-16 20:00:00,75.47,78.10
129P04440,2020-06-16 20:10:00,71.04,100.00
129P04440,2020-06-16 20:20:00,65.38,76.20
129P04440,2020-06-16 20:30:00,71.86,100.00
129P04440,2020-06-16 20:40:00,73.78,91.00
129P04440,2020-06-16 20:50:00,71.60,85.30
129P04440,2020-06-16 21:00:00,75.70,63.80
129P04440,2020-06-16 21:10:00,69.14,82.60
129P04440,2020-06-16 21:20:00,71.50,92.50
129P04440,2020-06-16 21:30:00,66.15,83.10
129P04440,2020-06-16 21:40:00,64.87,76.80
129P04440,2020-06-16 21:50:00,64.03,88.10
129P04440,2020-06-16 22:00:00,62.27,88.00
129P04440,2020-06-16 22:10:00,65.31,100.00
129P04440,2020-06-16 22:20:00,76.62,20.30
129P04440,2020-06-16 22:30:00,69.67,85.50
129P04440,2020-06-16 22:40:00,68.00,100.00
129P04440,2020-06-16 22:50:00,68.00,100.00
129P04440,2020-06-16 23:00:00,78.00,44.80
129P04440,2020-06-16 23:10:00,77.59,42.60
129P04440,2020-06-16 23:20:00,76.00,68.29
129P04440,2020-06-16 23:30:00,,
129P04440,2020-06-16 23:40:00,75.86,98.71
129P04440,2020-06-16 23:50:00,76.56,98.00
129P04449,2020-06-16 00:00:00,62.62,48.00
129P04449,2020-06-16 00:10:00,68.36,98.38
129P04449,2020-06-16 00:20:00,,
129P04449,2020-06-16 00:30:00,,
129P04449,2020-06-16 00:40:00,68.00,94.75
129P04449,2020-06-16 00:50:00,68.00,98.00
129P04449,2020-06-16 01:00:00,59.40,84.44
129P04449,2020-06-16 01:10:00,64.49,88.70
129P04449,2020-06-16 01:20:00,69.00,94.80
129P04449,2020-06-16 01:30:00,64.00,99.80
129P04449,2020-06-16 01:40:00,64.73,97.00
129P04449,2020-06-16 01:50:00,66.77,92.10
129P04449,2020-06-16 02:00:00,65.98,99.33
129P04449,2020-06-16 02:10:00,67.00,99.00
129P04449,2020-06-16 02:20:00,67.00,99.00
129P04449,2020-06-16 02:30:00,70.91,80.83
129P04449,2020-06-16 02:40:00,62.17,83.00
129P04449,2020-06-16 02:50:00,65.72,97.30
129P04449,2020-06-16 03:00:00,74.39,71.90
129P04449,2020-06-16 03:10:00,70.99,89.60
129P04449,2020-06-16 03:20:00,67.76,91.30
129P04449,2020-06-16 03:30:00,66.10,88.00
129P04449,2020-06-16 03:40:00,71.49,81.22
129P04449,2020-06-16 03:50:00,72.59,60.50
129P04449,2020-06-16 04:00:00,68.88,87.90
129P04449,2020-06-16 04:10:00,70.99,95.90
129P04449,2020-06-16 04:20:00,73.85,97.10
129P04449,2020-06-16 04:30:00,75.07,90.20
129P04449,2020-06-16 04:40:00,72.55,94.50
129P04449,2020-06-16 04:50:00,75.34,89.50
129P04449,2020-06-16 05:00:00,73.10,100.00
129P04449,2020-06-16 05:10:00,73.78,100.00
129P04449,2020-06-16 05:20:00,72.30,100.00
129P04449,2020-06-16 05:30:00,69.99,100.00
129P04449,2020-06-16 05:40:00,69.29,100.00
129P04449,2020-06-16 05:50:00,68.99,100.00
129P04449,2020-06-16 06:00:00,72.95,100.00
129P04449,2020-06-16 06:10:00,71.82,100.00
129P04449,2020-06-16 06:20:00,67.39,98.00
129P04449,2020-06-16 06:30:00,68.10,99.60
129P04449,2020-06-16 06:40:00,70.39,100.00
129P04449,2020-06-16 06:50:00,70.79,100.00
129P04449,2020-06-16 07:00:00,73.18,100.00
129P04449,2020-06-16 07:10:00,72.25,100.00
129P04449,2020-06-16 07:20:00,67.58,98.50
129P04449,2020-06-16 07:30:00,67.69,100.00
129P04449,2020-06-16 07:40:00,68.69,100.00
129P04449,2020-06-16 07:50:00,68.29,100.00
129P04449,2020-06-16 08:00:00,69.28,100.00
129P04449,2020-06-16 08:10:00,69.17,100.00
129P04449,2020-06-16 08:20:00,68.53,100.00
129P04449,2020-06-16 08:30:00,70.88,97.50
129P04449,2020-06-16 08:40:00,70.42,98.70
129P04449,2020-06-16 08:50:00,71.57,100.00
129P04449,2020-06-16 09:00:00,72.53,100.00
129P04449,2020-06-16 09:10:00,70.26,100.00
129P04449,2020-06-16 09:20:00,70.39,100.00
129P04449,2020-06-16 09:30:00,69.39,100.00
129P04449,2020-06-16 09:40:00,71.56,100.00
129P04449,2020-06-16 09:50:00,69.22,100.00
129P04449,2020-06-16 10:00:00,69.67,100.00
129P04449,2020-06-16 10:10:00,69.88,100.00
129P04449,2020-06-16 10:20:00,39.22,100.00
129P04449,2020-06-16 10:30:00,28.68,100.00
129P04449,2020-06-16 10:40:00,50.34,100.00
129P04449,2020-06-16 10:50:00,66.98,100.00
129P04449,2020-06-16 11:00:00,70.99,100.00
129P04449,2020-06-16 11:10:00,72.87,98.40
129P04449,2020-06-16 11:20:00,71.00,100.00
129P04449,2020-06-16 11:30:00,71.59,99.20
129P04449,2020-06-16 11:40:00,71.16,100.00
129P04449,2020-06-16 11:50:00,68.38,100.00
129P04449,2020-06-16 12:00:00,71.33,100.00
129P04449,2020-06-16 12:10:00,69.54,100.00
129P04449,2020-06-16 12:20:00,70.39,100.00
129P04449,2020-06-16 12:30:00,70.71,100.00
129P04449,2020-06-16 12:40:00,68.38,100.00
129P04449,2020-06-16 12:50:00,70.89,100.00
129P04449,2020-06-16 13:00:00,68.29,100.00
129P04449,2020-06-16 13:10:00,69.19,100.00
129P04449,2020-06-16 13:20:00,70.96,100.00
129P04449,2020-06-16 13:30:00,68.08,100.00
129P04449,2020-06-16 13:40:00,68.10,100.00
129P04449,2020-06-16 13:50:00,68.78,100.00
129P04449,2020-06-16 14:00:00,69.18,100.00
129P04449,2020-06-16 14:10:00,69.59,98.80
129P04449,2020-06-16 14:20:00,67.48,100.00
129P04449,2020-06-16 14:30:00,35.28,100.00
129P04449,2020-06-16 14:40:00,29.44,100.00
129P04449,2020-06-16 14:50:00,60.28,100.00
129P04449,2020-06-16 15:00:00,69.95,100.00
129P04449,2020-06-16 15:10:00,69.19,100.00
129P04449,2020-06-16 15:20:00,66.29,100.00
129P04449,2020-06-16 15:30:00,69.28,100.00
129P04449,2020-06-16 15:40:00,71.78,100.00
129P04449,2020-06-16 15:50:00,69.48,100.00
129P04449,2020-06-16 16:00:00,69.47,100.00
129P04449,2020-06-16 16:10:00,69.79,100.00
129P04449,2020-06-16 16:20:00,67.49,100.00
129P04449,2020-06-16 16:30:00,71.08,100.00
129P04449,2020-06-16 16:40:00,67.94,100.00
129P04449,2020-06-16 16:50:00,68.18,100.00
129P04449,2020-06-16 17:00:00,72.46,100.00
129P04449,2020-06-16 17:10:00,70.89,100.00
129P04449,2020-06-16 17:20:00,72.35,100.00
129P04449,2020-06-16 17:30:00,69.27,100.00
129P04449,2020-06-16 17:40:00,72.04,100.00
129P04449,2020-06-16 17:50:00,69.58,100.00
129P04449,2020-06-16 18:00:00,69.88,100.00
129P04449,2020-06-16 18:10:00,74.07,100.00
129P04449,2020-06-16 18:20:00,72.06,100.00
129P04449,2020-06-16 18:30:00,73.53,100.00
129P04449,2020-06-16 18:40:00,72.67,100.00
129P04449,2020-06-16 18:50:00,70.80,100.00
129P04449,2020-06-16 19:00:00,68.07,84.78
129P04449,2020-06-16 19:10:00,68.20,100.00
129P04449,2020-06-16 19:20:00,72.69,100.00
129P04449,2020-06-16 19:30:00,71.88,100.00
129P04449,2020-06-16 19:40:00,70.09,100.00
129P04449,2020-06-16 19:50:00,71.53,91.60
129P04449,2020-06-16 20:00:00,74.80,90.20
129P04449,2020-06-16 20:10:00,73.38,100.00
129P04449,2020-06-16 20:20:00,75.20,76.60
129P04449,2020-06-16 20:30:00,72.95,90.70
129P04449,2020-06-16 20:40:00,69.71,100.00
129P04449,2020-06-16 20:50:00,75.89,92.10
129P04449,2020-06-16 21:00:00,71.73,67.30
129P04449,2020-06-16 21:10:00,67.98,96.40
129P04449,2020-06-16 21:20:00,67.60,100.00
129P04449,2020-06-16 21:30:00,70.36,100.00
129P04449,2020-06-16 21:40:00,65.39,93.40
129P04449,2020-06-16 21:50:00,70.65,76.30
129P04449,2020-06-16 22:00:00,70.81,93.40
129P04449,2020-06-16 22:10:00,71.98,92.20
129P04449,2020-06-16 22:20:00,71.16,91.10
129P04449,2020-06-16 22:30:00,75.71,67.80
129P04449,2020-06-16 22:40:00,77.88,81.00
129P04449,2020-06-16 22:50:00,69.73,97.60
129P04449,2020-06-16 23:00:00,67.97,67.00
129P04449,2020-06-16 23:10:00,65.44,67.40
129P04449,2020-06-16 23:20:00,71.99,94.60
129P04449,2020-06-16 23:30:00,70.35,94.80
129P04449,2020-06-16 23:40:00,76.01,63.40
129P04449,2020-06-16 23:50:00,70.78,87.60
129P04448,2020-06-16 00:00:00,67.12,70.70
129P04448,2020-06-16 00:10:00,71.00,91.86
129P04448,2020-06-16 00:20:00,,
129P04448,2020-06-16 00:30:00,,
129P04448,2020-06-16 00:40:00,68.10,99.90
129P04448,2020-06-16 00:50:00,68.00,99.00
129P04448,2020-06-16 01:00:00,55.00,55.38
129P04448,2020-06-16 01:10:00,60.00,94.00
129P04448,2020-06-16 01:20:00,63.38,91.38
129P04448,2020-06-16 01:30:00,65.20,86.00
129P04448,2020-06-16 01:40:00,65.37,87.00
129P04448,2020-06-16 01:50:00,64.69,92.60
129P04448,2020-06-16 02:00:00,63.49,99.00
129P04448,2020-06-16 02:10:00,66.00,97.86
129P04448,2020-06-16 02:20:00,66.00,98.00
129P04448,2020-06-16 02:30:00,71.96,71.38
129P04448,2020-06-16 02:40:00,73.35,72.80
129P04448,2020-06-16 02:50:00,64.17,83.25
129P04448,2020-06-16 03:00:00,70.38,95.00
129P04448,2020-06-16 03:10:00,73.26,80.50
129P04448,2020-06-16 03:20:00,68.36,78.30
129P04448,2020-06-16 03:30:00,65.80,82.90
129P04448,2020-06-16 03:40:00,67.51,85.00
129P04448,2020-06-16 03:50:00,68.99,99.50
129P04448,2020-06-16 04:00:00,70.53,87.50
129P04448,2020-06-16 04:10:00,71.10,85.00
129P04448,2020-06-16 04:20:00,72.06,93.50
129P04448,2020-06-16 04:30:00,76.58,69.00
129P04448,2020-06-16 04:40:00,73.53,85.50
129P04448,2020-06-16 04:50:00,72.26,96.90
129P04448,2020-06-16 05:00:00,71.69,100.00
129P04448,2020-06-16 05:10:00,71.79,100.00
129P04448,2020-06-16 05:20:00,70.26,100.00
129P04448,2020-06-16 05:30:00,70.40,100.00
129P04448,2020-06-16 05:40:00,68.79,100.00
129P04448,2020-06-16 05:50:00,68.29,100.00
129P04448,2020-06-16 06:00:00,74.59,100.00
129P04448,2020-06-16 06:10:00,71.78,100.00
129P04448,2020-06-16 06:20:00,69.97,99.30
129P04448,2020-06-16 06:30:00,70.93,97.90
129P04448,2020-06-16 06:40:00,70.28,100.00
129P04448,2020-06-16 06:50:00,71.08,100.00
129P04448,2020-06-16 07:00:00,71.20,100.00
129P04448,2020-06-16 07:10:00,70.99,100.00
129P04448,2020-06-16 07:20:00,70.69,100.00
129P04448,2020-06-16 07:30:00,68.67,100.00
129P04448,2020-06-16 07:40:00,66.89,98.70
129P04448,2020-06-16 07:50:00,66.60,100.00
129P04448,2020-06-16 08:00:00,69.83,100.00
129P04448,2020-06-16 08:10:00,69.59,100.00
129P04448,2020-06-16 08:20:00,70.33,100.00
129P04448,2020-06-16 08:30:00,72.45,91.80
129P04448,2020-06-16 08:40:00,68.08,100.00
129P04448,2020-06-16 08:50:00,68.86,100.00
129P04448,2020-06-16 09:00:00,69.65,100.00
129P04448,2020-06-16 09:10:00,69.27,100.00
129P04448,2020-06-16 09:20:00,68.28,100.00
129P04448,2020-06-16 09:30:00,68.39,100.00
129P04448,2020-06-16 09:40:00,70.67,99.00
129P04448,2020-06-16 09:50:00,70.09,100.00
129P04448,2020-06-16 10:00:00,51.46,100.00
129P04448,2020-06-16 10:10:00,29.55,100.00
129P04448,2020-06-16 10:20:00,61.88,99.00
129P04448,2020-06-16 10:30:00,68.07,96.50
129P04448,2020-06-16 10:40:00,67.09,99.20
129P04448,2020-06-16 10:50:00,68.87,100.00
129P04448,2020-06-16 11:00:00,70.50,100.00
129P04448,2020-06-16 11:10:00,73.96,100.00
129P04448,2020-06-16 11:20:00,71.05,100.00
129P04448,2020-06-16 11:30:00,69.85,99.40
129P04448,2020-06-16 11:40:00,68.87,100.00
129P04448,2020-06-16 11:50:00,69.79,99.90
129P04448,2020-06-16 12:00:00,70.69,100.00
129P04448,2020-06-16 12:10:00,68.49,100.00
129P04448,2020-06-16 12:20:00,68.65,100.00
129P04448,2020-06-16 12:30:00,70.59,100.00
129P04448,2020-06-16 12:40:00,68.98,100.00
129P04448,2020-06-16 12:50:00,70.25,100.00
129P04448,2020-06-16 13:00:00,69.09,100.00
129P04448,2020-06-16 13:10:00,71.09,100.00
129P04448,2020-06-16 13:20:00,69.36,100.00
129P04448,2020-06-16 13:30:00,68.67,100.00
129P04448,2020-06-16 13:40:00,68.88,100.00
129P04448,2020-06-16 13:50:00,68.08,100.00
129P04448,2020-06-16 14:00:00,70.60,100.00
129P04448,2020-06-16 14:10:00,48.03,100.00
129P04448,2020-06-16 14:20:00,27.95,96.70
129P04448,2020-06-16 14:30:00,57.18,100.00
129P04448,2020-06-16 14:40:00,68.18,100.00
129P04448,2020-06-16 14:50:00,71.47,100.00
129P04448,2020-06-16 15:00:00,71.78,100.00
129P04448,2020-06-16 15:10:00,68.35,100.00
129P04448,2020-06-16 15:20:00,68.38,100.00
129P04448,2020-06-16 15:30:00,69.89,100.00
129P04448,2020-06-16 15:40:00,70.08,100.00
129P04448,2020-06-16 15:50:00,68.28,100.00
129P04448,2020-06-16 16:00:00,67.49,100.00
129P04448,2020-06-16 16:10:00,67.78,100.00
129P04448,2020-06-16 16:20:00,68.19,100.00
129P04448,2020-06-16 16:30:00,70.25,100.00
129P04448,2020-06-16 16:40:00,67.58,100.00
129P04448,2020-06-16 16:50:00,70.69,100.00
129P04448,2020-06-16 17:00:00,68.56,100.00
129P04448,2020-06-16 17:10:00,69.08,100.00
129P04448,2020-06-16 17:20:00,71.93,100.00
129P04448,2020-06-16 17:30:00,71.05,100.00
129P04448,2020-06-16 17:40:00,70.80,100.00
129P04448,2020-06-16 17:50:00,71.69,100.00
129P04448,2020-06-16 18:00:00,69.63,100.00
129P04448,2020-06-16 18:10:00,72.20,100.00
129P04448,2020-06-16 18:20:00,73.67,94.00
129P04448,2020-06-16 18:30:00,72.59,98.70
129P04448,2020-06-16 18:40:00,71.18,100.00
129P04448,2020-06-16 18:50:00,71.08,95.80
129P04448,2020-06-16 19:00:00,72.15,74.67
129P04448,2020-06-16 19:10:00,72.57,97.20
129P04448,2020-06-16 19:20:00,72.32,94.30
129P04448,2020-06-16 19:30:00,69.89,100.00
129P04448,2020-06-16 19:40:00,70.58,100.00
129P04448,2020-06-16 19:50:00,72.29,77.90
129P04448,2020-06-16 20:00:00,78.79,44.70
129P04448,2020-06-16 20:10:00,74.90,76.70
129P04448,2020-06-16 20:20:00,69.44,87.00
129P04448,2020-06-16 20:30:00,68.21,92.40
129P04448,2020-06-16 20:40:00,66.58,90.80
129P04448,2020-06-16 20:50:00,74.37,59.30
129P04448,2020-06-16 21:00:00,71.39,84.90
129P04448,2020-06-16 21:10:00,69.86,100.00
129P04448,2020-06-16 21:20:00,69.84,97.30
129P04448,2020-06-16 21:30:00,72.77,93.20
129P04448,2020-06-16 21:40:00,70.21,97.60
129P04448,2020-06-16 21:50:00,69.39,100.00
129P04448,2020-06-16 22:00:00,74.66,81.90
129P04448,2020-06-16 22:10:00,70.47,98.00
129P04448,2020-06-16 22:20:00,69.37,99.80
129P04448,2020-06-16 22:30:00,71.79,95.30
129P04448,2020-06-16 22:40:00,73.86,86.20
129P04448,2020-06-16 22:50:00,68.56,99.30
129P04448,2020-06-16 23:00:00,66.21,64.10
129P04448,2020-06-16 23:10:00,68.66,64.30
129P04448,2020-06-16 23:20:00,76.36,55.83
129P04448,2020-06-16 23:30:00,63.35,72.70
129P04448,2020-06-16 23:40:00,74.26,67.30
129P04448,2020-06-16 23:50:00,71.39,84.75
129P04447,2020-06-16 00:00:00,68.98,75.40
129P04447,2020-06-16 00:10:00,72.00,66.60
129P04447,2020-06-16 00:20:00,58.00,56.40
129P04447,2020-06-16 00:30:00,62.60,75.75
129P04447,2020-06-16 00:40:00,68.00,90.90
129P04447,2020-06-16 00:50:00,68.00,91.25
129P04447,2020-06-16 01:00:00,63.61,79.20
129P04447,2020-06-16 01:10:00,58.00,65.80
129P04447,2020-06-16 01:20:00,64.72,91.57
129P04447,2020-06-16 01:30:00,64.07,98.70
129P04447,2020-06-16 01:40:00,65.65,83.44
129P04447,2020-06-16 01:50:00,64.74,93.25
129P04447,2020-06-16 02:00:00,66.00,98.00
129P04447,2020-06-16 02:10:00,66.00,97.00
129P04447,2020-06-16 02:20:00,,
129P04447,2020-06-16 02:30:00,66.00,100.00
129P04447,2020-06-16 02:40:00,,
129P04447,2020-06-16 02:50:00,62.78,92.60
129P04447,2020-06-16 03:00:00,65.17,90.30
129P04447,2020-06-16 03:10:00,71.66,52.10
129P04447,2020-06-16 03:20:00,66.57,94.30
129P04447,2020-06-16 03:30:00,64.61,85.63
129P04447,2020-06-16 03:40:00,71.27,73.17
129P04447,2020-06-16 03:50:00,73.55,64.60
129P04447,2020-06-16 04:00:00,78.53,27.50
129P04447,2020-06-16 04:10:00,71.69,88.30
129P04447,2020-06-16 04:20:00,72.78,98.00
129P04447,2020-06-16 04:30:00,74.87,92.30
129P04447,2020-06-16 04:40:00,71.47,78.70
129P04447,2020-06-16 04:50:00,71.69,100.00
129P04447,2020-06-16 05:00:00,71.10,100.00
129P04447,2020-06-16 05:10:00,72.59,100.00
129P04447,2020-06-16 05:20:00,70.38,100.00
129P04447,2020-06-16 05:30:00,68.19,100.00
129P04447,2020-06-16 05:40:00,66.79,100.00
129P04447,2020-06-16 05:50:00,69.84,99.80
129P04447,2020-06-16 06:00:00,72.35,100.00
129P04447,2020-06-16 06:10:00,69.79,100.00
129P04447,2020-06-16 06:20:00,68.20,100.00
129P04447,2020-06-16 06:30:00,68.54,99.00
129P04447,2020-06-16 06:40:00,69.49,100.00
129P04447,2020-06-16 06:50:00,69.69,100.00
129P04447,2020-06-16 07:00:00,71.79,100.00
129P04447,2020-06-16 07:10:00,69.68,100.00
129P04447,2020-06-16 07:20:00,67.67,100.00
129P04447,2020-06-16 07:30:00,67.09,100.00
129P04447,2020-06-16 07:40:00,67.87,100.00
129P04447,2020-06-16 07:50:00,66.29,100.00
129P04447,2020-06-16 08:00:00,68.29,100.00
129P04447,2020-06-16 08:10:00,69.39,100.00
129P04447,2020-06-16 08:20:00,70.39,100.00
129P04447,2020-06-16 08:30:00,71.14,100.00
129P04447,2020-06-16 08:40:00,68.38,100.00
129P04447,2020-06-16 08:50:00,67.69,100.00
129P04447,2020-06-16 09:00:00,68.57,100.00
129P04447,2020-06-16 09:10:00,69.26,100.00
129P04447,2020-06-16 09:20:00,67.79,100.00
129P04447,2020-06-16 09:30:00,66.25,100.00
129P04447,2020-06-16 09:40:00,32.96,100.00
129P04447,2020-06-16 09:50:00,26.25,100.00
129P04447,2020-06-16 10:00:00,59.13,100.00
129P04447,2020-06-16 10:10:00,68.68,100.00
129P04447,2020-06-16 10:20:00,69.89,100.00
129P04447,2020-06-16 10:30:00,67.17,100.00
129P04447,2020-06-16 10:40:00,67.77,98.40
129P04447,2020-06-16 10:50:00,69.09,100.00
129P04447,2020-06-16 11:00:00,69.99,100.00
129P04447,2020-06-16 11:10:00,71.39,100.00
129P04447,2020-06-16 11:20:00,70.82,100.00
129P04447,2020-06-16 11:30:00,69.33,100.00
129P04447,2020-06-16 11:40:00,69.97,100.00
129P04447,2020-06-16 11:50:00,70.78,98.50
129P04447,2020-06-16 12:00:00,70.97,88.70
129P04447,2020-06-16 12:10:00,70.74,100.00
129P04447,2020-06-16 12:20:00,73.39,100.00
129P04447,2020-06-16 12:30:00,71.09,100.00
129P04447,2020-06-16 12:40:00,67.78,100.00
129P04447,2020-06-16 12:50:00,68.46,99.80
129P04447,2020-06-16 13:00:00,66.49,100.00
129P04447,2020-06-16 13:10:00,66.68,100.00
129P04447,2020-06-16 13:20:00,70.57,100.00
129P04447,2020-06-16 13:30:00,69.19,100.00
129P04447,2020-06-16 13:40:00,69.39,100.00
129P04447,2020-06-16 13:50:00,64.45,100.00
129P04447,2020-06-16 14:00:00,41.41,100.00
129P04447,2020-06-16 14:10:00,61.16,100.00
129P04447,2020-06-16 14:20:00,68.19,100.00
129P04447,2020-06-16 14:30:00,67.19,100.00
129P04447,2020-06-16 14:40:00,70.25,100.00
129P04447,2020-06-16 14:50:00,72.89,100.00
129P04447,2020-06-16 15:00:00,71.07,100.00
129P04447,2020-06-16 15:10:00,68.62,98.20
129P04447,2020-06-16 15:20:00,67.93,100.00
129P04447,2020-06-16 15:30:00,68.88,100.00
129P04447,2020-06-16 15:40:00,69.18,100.00
129P04447,2020-06-16 15:50:00,68.74,100.00
129P04447,2020-06-16 16:00:00,70.70,100.00
129P04447,2020-06-16 16:10:00,69.28,100.00
129P04447,2020-06-16 16:20:00,69.56,97.10
129P04447,2020-06-16 16:30:00,72.08,100.00
129P04447,2020-06-16 16:40:00,69.82,100.00
129P04447,2020-06-16 16:50:00,68.25,100.00
129P04447,2020-06-16 17:00:00,71.05,100.00
129P04447,2020-06-16 17:10:00,73.45,100.00
129P04447,2020-06-16 17:20:00,69.26,100.00
129P04447,2020-06-16 17:30:00,71.84,100.00
129P04447,2020-06-16 17:40:00,74.69,97.10
129P04447,2020-06-16 17:50:00,72.37,99.50
129P04447,2020-06-16 18:00:00,74.07,100.00
129P04447,2020-06-16 18:10:00,74.77,98.40
129P04447,2020-06-16 18:20:00,71.76,100.00
129P04447,2020-06-16 18:30:00,73.94,98.70
129P04447,2020-06-16 18:40:00,71.58,98.30
129P04447,2020-06-16 18:50:00,71.59,99.80
129P04447,2020-06-16 19:00:00,73.75,73.78
129P04447,2020-06-16 19:10:00,75.20,98.60
129P04447,2020-06-16 19:20:00,75.77,81.10
129P04447,2020-06-16 19:30:00,72.41,100.00
129P04447,2020-06-16 19:40:00,70.77,100.00
129P04447,2020-06-16 19:50:00,69.98,98.70
129P04447,2020-06-16 20:00:00,73.27,90.90
129P04447,2020-06-16 20:10:00,74.60,79.70
129P04447,2020-06-16 20:20:00,69.60,100.00
129P04447,2020-06-16 20:30:00,65.55,79.90
129P04447,2020-06-16 20:40:00,68.09,97.90
129P04447,2020-06-16 20:50:00,71.81,70.20
129P04447,2020-06-16 21:00:00,69.95,100.00
129P04447,2020-06-16 21:10:00,71.36,98.30
129P04447,2020-06-16 21:20:00,73.09,96.10
129P04447,2020-06-16 21:30:00,73.89,89.50
129P04447,2020-06-16 21:40:00,73.73,79.90
129P04447,2020-06-16 21:50:00,70.08,99.90
129P04447,2020-06-16 22:00:00,70.22,92.80
129P04447,2020-06-16 22:10:00,68.90,100.00
129P04447,2020-06-16 22:20:00,69.71,99.88
129P04447,2020-06-16 22:30:00,71.97,89.20
129P04447,2020-06-16 22:40:00,72.27,75.00
129P04447,2020-06-16 22:50:00,67.29,100.00
129P04447,2020-06-16 23:00:00,69.24,73.10
129P04447,2020-06-16 23:10:00,66.32,72.83
129P04447,2020-06-16 23:20:00,72.00,86.00
129P04447,2020-06-16 23:30:00,72.29,80.90
129P04447,2020-06-16 23:40:00,74.16,70.50
129P04447,2020-06-16 23:50:00,75.00,58.00
129P04469,2020-06-16 00:00:00,81.00,11.33
129P04469,2020-06-16 00:10:00,81.79,17.70
129P04469,2020-06-16 00:20:00,83.00,54.29
129P04469,2020-06-16 00:30:00,,
129P04469,2020-06-16 00:40:00,70.49,
129P04469,2020-06-16 00:50:00,68.05,28.00
129P04469,2020-06-16 01:00:00,65.20,49.50
129P04469,2020-06-16 01:10:00,63.00,72.00
129P04469,2020-06-16 01:20:00,60.45,72.80
129P04469,2020-06-16 01:30:00,56.86,47.50
129P04469,2020-06-16 01:40:00,68.00,53.40
129P04469,2020-06-16 01:50:00,68.00,61.00
129P04469,2020-06-16 02:00:00,,
129P04469,2020-06-16 02:10:00,,
129P04469,2020-06-16 02:20:00,,
129P04469,2020-06-16 02:30:00,,
129P04469,2020-06-16 02:40:00,,
129P04469,2020-06-16 02:50:00,,
129P04469,2020-06-16 03:00:00,66.00,100.00
129P04469,2020-06-16 03:10:00,64.49,97.30
129P04469,2020-06-16 03:20:00,64.00,99.00
129P04469,2020-06-16 03:30:00,69.56,66.57
129P04469,2020-06-16 03:40:00,67.49,88.11
129P04469,2020-06-16 03:50:00,66.70,72.50
129P04469,2020-06-16 04:00:00,71.47,64.20
129P04469,2020-06-16 04:10:00,72.07,78.40
129P04469,2020-06-16 04:20:00,76.00,53.90
129P04469,2020-06-16 04:30:00,67.89,68.30
129P04469,2020-06-16 04:40:00,71.80,81.80
129P04469,2020-06-16 04:50:00,74.66,86.70
129P04469,2020-06-16 05:00:00,74.49,98.10
129P04469,2020-06-16 05:10:00,70.97,94.60
129P04469,2020-06-16 05:20:00,75.60,90.70
129P04469,2020-06-16 05:30:00,75.32,88.00
129P04469,2020-06-16 05:40:00,74.99,99.50
129P04469,2020-06-16 05:50:00,75.89,100.00
129P04469,2020-06-16 06:00:00,76.14,82.90
129P04469,2020-06-16 06:10:00,71.05,95.30
129P04469,2020-06-16 06:20:00,72.83,100.00
129P04469,2020-06-16 06:30:00,74.09,94.70
129P04469,2020-06-16 06:40:00,71.79,100.00
129P04469,2020-06-16 06:50:00,71.27,100.00
129P04469,2020-06-16 07:00:00,73.88,97.30
129P04469,2020-06-16 07:10:00,71.76,100.00
129P04469,2020-06-16 07:20:00,71.20,100.00
129P04469,2020-06-16 07:30:00,72.17,100.00
129P04469,2020-06-16 07:40:00,74.31,94.30
129P04469,2020-06-16 07:50:00,73.78,96.50
129P04469,2020-06-16 08:00:00,74.10,99.10
129P04469,2020-06-16 08:10:00,73.78,98.90
129P04469,2020-06-16 08:20:00,70.74,100.00
129P04469,2020-06-16 08:30:00,74.58,96.40
129P04469,2020-06-16 08:40:00,69.59,100.00
129P04469,2020-06-16 08:50:00,74.12,88.90
129P04469,2020-06-16 09:00:00,69.78,100.00
129P04469,2020-06-16 09:10:00,68.78,100.00
129P04469,2020-06-16 09:20:00,71.16,99.30
129P04469,2020-06-16 09:30:00,69.00,100.00
129P04469,2020-06-16 09:40:00,71.59,98.10
129P04469,2020-06-16 09:50:00,73.57,81.00
129P04469,2020-06-16 10:00:00,70.79,100.00
129P04469,2020-06-16 10:10:00,71.90,92.10
129P04469,2020-06-16 10:20:00,69.98,100.00
129P04469,2020-06-16 10:30:00,68.19,100.00
129P04469,2020-06-16 10:40:00,71.96,90.40
129P04469,2020-06-16 10:50:00,71.39,96.20
129P04469,2020-06-16 11:00:00,69.27,100.00
129P04469,2020-06-16 11:10:00,71.72,88.80
129P04469,2020-06-16 11:20:00,68.59,100.00
129P04469,2020-06-16 11:30:00,67.28,100.00
129P04469,2020-06-16 11:40:00,69.99,100.00
129P04469,2020-06-16 11:50:00,71.67,88.40
129P04469,2020-06-16 12:00:00,75.83,48.50
129P04469,2020-06-16 12:10:00,76.59,54.50
129P04469,2020-06-16 12:20:00,71.55,99.60
129P04469,2020-06-16 12:30:00,68.78,100.00
129P04469,2020-06-16 12:40:00,71.38,99.30
129P04469,2020-06-16 12:50:00,69.37,100.00
129P04469,2020-06-16 13:00:00,70.00,100.00
129P04469,2020-06-16 13:10:00,71.63,93.80
129P04469,2020-06-16 13:20:00,71.59,98.20
129P04469,2020-06-16 13:30:00,73.13,86.00
129P04469,2020-06-16 13:40:00,69.66,100.00
129P04469,2020-06-16 13:50:00,69.60,90.40
129P04469,2020-06-16 14:00:00,74.92,76.60
129P04469,2020-06-16 14:10:00,69.03,99.80
129P04469,2020-06-16 14:20:00,71.57,100.00
129P04469,2020-06-16 14:30:00,74.19,96.00
129P04469,2020-06-16 14:40:00,73.49,97.90
129P04469,2020-06-16 14:50:00,70.58,100.00
129P04469,2020-06-16 15:00:00,69.68,100.00
129P04469,2020-06-16 15:10:00,68.60,100.00
129P04469,2020-06-16 15:20:00,68.06,100.00
129P04469,2020-06-16 15:30:00,69.90,87.00
129P04469,2020-06-16 15:40:00,70.54,100.00
129P04469,2020-06-16 15:50:00,70.45,98.20
129P04469,2020-06-16 16:00:00,73.14,80.40
129P04469,2020-06-16 16:10:00,73.79,81.70
129P04469,2020-06-16 16:20:00,72.59,97.00
129P04469,2020-06-16 16:30:00,71.63,99.50
129P04469,2020-06-16 16:40:00,73.83,94.00
129P04469,2020-06-16 16:50:00,75.09,98.80
129P04469,2020-06-16 17:00:00,74.19,99.20
129P04469,2020-06-16 17:10:00,73.39,100.00
129P04469,2020-06-16 17:20:00,76.19,100.00
129P04469,2020-06-16 17:30:00,75.88,99.20
129P04469,2020-06-16 17:40:00,74.03,97.50
129P04469,2020-06-16 17:50:00,74.80,95.50
129P04469,2020-06-16 18:00:00,72.79,89.60
129P04469,2020-06-16 18:10:00,75.10,93.60
129P04469,2020-06-16 18:20:00,71.77,98.20
129P04469,2020-06-16 18:30:00,72.77,99.40
129P04469,2020-06-16 18:40:00,72.38,98.40
129P04469,2020-06-16 18:50:00,74.96,89.50
129P04469,2020-06-16 19:00:00,72.11,100.00
129P04469,2020-06-16 19:10:00,70.37,100.00
129P04469,2020-06-16 19:20:00,69.66,100.00
129P04469,2020-06-16 19:30:00,72.89,100.00
129P04469,2020-06-16 19:40:00,72.31,100.00
129P04469,2020-06-16 19:50:00,71.75,100.00
129P04469,2020-06-16 20:00:00,71.79,100.00
129P04469,2020-06-16 20:10:00,70.72,100.00
129P04469,2020-06-16 20:20:00,67.27,79.70
129P04469,2020-06-16 20:30:00,69.38,100.00
129P04469,2020-06-16 20:40:00,70.98,100.00
129P04469,2020-06-16 20:50:00,70.76,100.00
129P04469,2020-06-16 21:00:00,72.24,81.00
129P04469,2020-06-16 21:10:00,70.89,100.00
129P04469,2020-06-16 21:20:00,72.16,91.70
129P04469,2020-06-16 21:30:00,67.27,89.00
129P04469,2020-06-16 21:40:00,70.10,100.00
129P04469,2020-06-16 21:50:00,68.09,84.40
129P04469,2020-06-16 22:00:00,63.79,93.90
129P04469,2020-06-16 22:10:00,66.00,100.00
129P04469,2020-06-16 22:20:00,71.33,87.10
129P04469,2020-06-16 22:30:00,67.19,100.00
129P04469,2020-06-16 22:40:00,68.59,100.00
129P04469,2020-06-16 22:50:00,72.58,73.00
129P04469,2020-06-16 23:00:00,78.15,35.00
129P04469,2020-06-16 23:10:00,75.34,21.60
129P04469,2020-06-16 23:20:00,81.00,48.17
129P04469,2020-06-16 23:30:00,,
129P04469,2020-06-16 23:40:00,,
129P04469,2020-06-16 23:50:00,,
129+04450,2020-06-16 00:00:00,64.79,59.70
129+04450,2020-06-16 00:10:00,69.88,89.30
129+04450,2020-06-16 00:20:00,67.53,95.22
129+04450,2020-06-16 00:30:00,70.53,92.00
129+04450,2020-06-16 00:40:00,69.26,95.50
129+04450,2020-06-16 00:50:00,68.00,98.20
129+04450,2020-06-16 01:00:00,60.21,76.88
129+04450,2020-06-16 01:10:00,62.92,89.00
129+04450,2020-06-16 01:20:00,66.00,99.17
129+04450,2020-06-16 01:30:00,65.00,99.75
129+04450,2020-06-16 01:40:00,65.98,96.10
129+04450,2020-06-16 01:50:00,68.56,93.70
129+04450,2020-06-16 02:00:00,65.62,98.75
129+04450,2020-06-16 02:10:00,67.00,100.00
129+04450,2020-06-16 02:20:00,67.00,100.00
129+04450,2020-06-16 02:30:00,76.00,77.00
129+04450,2020-06-16 02:40:00,76.00,83.63
129+04450,2020-06-16 02:50:00,66.87,85.50
129+04450,2020-06-16 03:00:00,72.81,81.40
129+04450,2020-06-16 03:10:00,70.57,92.50
129+04450,2020-06-16 03:20:00,73.33,86.30
129+04450,2020-06-16 03:30:00,66.57,70.60
129+04450,2020-06-16 03:40:00,68.90,89.63
129+04450,2020-06-16 03:50:00,71.85,90.60
129+04450,2020-06-16 04:00:00,68.69,93.30
129+04450,2020-06-16 04:10:00,69.69,93.80
129+04450,2020-06-16 04:20:00,74.09,86.70
129+04450,2020-06-16 04:30:00,75.38,89.80
129+04450,2020-06-16 04:40:00,72.57,93.70
129+04450,2020-06-16 04:50:00,74.83,87.80
129+04450,2020-06-16 05:00:00,71.09,100.00
129+04450,2020-06-16 05:10:00,72.48,100.00
129+04450,2020-06-16 05:20:00,72.37,100.00
129+04450,2020-06-16 05:30:00,70.90,100.00
129+04450,2020-06-16 05:40:00,70.00,100.00
129+04450,2020-06-16 05:50:00,70.16,100.00
129+04450,2020-06-16 06:00:00,74.88,100.00
129+04450,2020-06-16 06:10:00,72.47,100.00
129+04450,2020-06-16 06:20:00,66.68,100.00
129+04450,2020-06-16 06:30:00,67.50,98.90
129+04450,2020-06-16 06:40:00,70.26,100.00
129+04450,2020-06-16 06:50:00,70.89,100.00
129+04450,2020-06-16 07:00:00,71.29,100.00
129+04450,2020-06-16 07:10:00,72.12,100.00
129+04450,2020-06-16 07:20:00,68.78,99.70
129+04450,2020-06-16 07:30:00,67.48,100.00
129+04450,2020-06-16 07:40:00,68.59,100.00
129+04450,2020-06-16 07:50:00,68.79,100.00
129+04450,2020-06-16 08:00:00,70.00,100.00
129+04450,2020-06-16 08:10:00,70.39,100.00
129+04450,2020-06-16 08:20:00,70.29,100.00
129+04450,2020-06-16 08:30:00,70.29,100.00
129+04450,2020-06-16 08:40:00,71.18,100.00
129+04450,2020-06-16 08:50:00,70.39,100.00
129+04450,2020-06-16 09:00:00,71.58,100.00
129+04450,2020-06-16 09:10:00,68.38,100.00
129+04450,2020-06-16 09:20:00,69.99,100.00
129+04450,2020-06-16 09:30:00,69.59,100.00
129+04450,2020-06-16 09:40:00,71.77,100.00
129+04450,2020-06-16 09:50:00,69.57,100.00
129+04450,2020-06-16 10:00:00,69.59,100.00
129+04450,2020-06-16 10:10:00,69.50,100.00
129+04450,2020-06-16 10:20:00,64.42,100.00
129+04450,2020-06-16 10:30:00,32.73,100.00
129+04450,2020-06-16 10:40:00,22.12,100.00
129+04450,2020-06-16 10:50:00,41.04,100.00
129+04450,2020-06-16 11:00:00,68.74,100.00
129+04450,2020-06-16 11:10:00,73.30,100.00
129+04450,2020-06-16 11:20:00,71.08,100.00
129+04450,2020-06-16 11:30:00,70.10,100.00
129+04450,2020-06-16 11:40:00,71.37,100.00
129+04450,2020-06-16 11:50:00,68.58,100.00
129+04450,2020-06-16 12:00:00,67.89,100.00
129+04450,2020-06-16 12:10:00,68.25,100.00
129+04450,2020-06-16 12:20:00,71.09,100.00
129+04450,2020-06-16 12:30:00,69.79,100.00
129+04450,2020-06-16 12:40:00,69.88,100.00
129+04450,2020-06-16 12:50:00,68.69,100.00
129+04450,2020-06-16 13:00:00,67.10,100.00
129+04450,2020-06-16 13:10:00,69.27,100.00
129+04450,2020-06-16 13:20:00,69.79,100.00
129+04450,2020-06-16 13:30:00,68.39,100.00
129+04450,2020-06-16 13:40:00,67.69,100.00
129+04450,2020-06-16 13:50:00,67.38,100.00
129+04450,2020-06-16 14:00:00,68.30,100.00
129+04450,2020-06-16 14:10:00,68.99,100.00
129+04450,2020-06-16 14:20:00,67.99,100.00
129+04450,2020-06-16 14:30:00,55.03,100.00
129+04450,2020-06-16 14:40:00,29.70,100.00
129+04450,2020-06-16 14:50:00,29.09,100.00
129+04450,2020-06-16 15:00:00,64.18,100.00
129+04450,2020-06-16 15:10:00,69.08,100.00
129+04450,2020-06-16 15:20:00,67.59,100.00
129+04450,2020-06-16 15:30:00,70.17,100.00
129+04450,2020-06-16 15:40:00,73.38,100.00
129+04450,2020-06-16 15:50:00,72.38,100.00
129+04450,2020-06-16 16:00:00,70.10,100.00
129+04450,2020-06-16 16:10:00,70.99,100.00
129+04450,2020-06-16 16:20:00,70.90,100.00
129+04450,2020-06-16 16:30:00,71.29,100.00
129+04450,2020-06-16 16:40:00,69.86,100.00
129+04450,2020-06-16 16:50:00,69.19,100.00
129+04450,2020-06-16 17:00:00,71.39,100.00
129+04450,2020-06-16 17:10:00,71.89,100.00
129+04450,2020-06-16 17:20:00,73.76,100.00
129+04450,2020-06-16 17:30:00,70.30,100.00
129+04450,2020-06-16 17:40:00,72.49,100.00
129+04450,2020-06-16 17:50:00,72.39,100.00
129+04450,2020-06-16 18:00:00,72.57,100.00
129+04450,2020-06-16 18:10:00,75.99,100.00
129+04450,2020-06-16 18:20:00,73.78,100.00
129+04450,2020-06-16 18:30:00,73.77,100.00
129+04450,2020-06-16 18:40:00,71.89,100.00
129+04450,2020-06-16 18:50:00,71.29,100.00
129+04450,2020-06-16 19:00:00,68.10,100.00
129+04450,2020-06-16 19:10:00,69.88,100.00
129+04450,2020-06-16 19:20:00,73.97,100.00
129+04450,2020-06-16 19:30:00,74.29,100.00
129+04450,2020-06-16 19:40:00,70.59,100.00
129+04450,2020-06-16 19:50:00,70.09,100.00
129+04450,2020-06-16 20:00:00,72.76,95.40
129+04450,2020-06-16 20:10:00,71.67,100.00
129+04450,2020-06-16 20:20:00,75.56,85.80
129+04450,2020-06-16 20:30:00,71.37,98.30
129+04450,2020-06-16 20:40:00,69.33,97.70
129+04450,2020-06-16 20:50:00,72.67,100.00
129+04450,2020-06-16 21:00:00,72.15,95.40
129+04450,2020-06-16 21:10:00,75.04,85.90
129+04450,2020-06-16 21:20:00,69.17,100.00
129+04450,2020-06-16 21:30:00,71.47,100.00
129+04450,2020-06-16 21:40:00,66.79,100.00
129+04450,2020-06-16 21:50:00,74.83,63.40
129+04450,2020-06-16 22:00:00,72.26,93.60
129+04450,2020-06-16 22:10:00,71.87,100.00
129+04450,2020-06-16 22:20:00,71.16,100.00
129+04450,2020-06-16 22:30:00,75.16,85.00
129+04450,2020-06-16 22:40:00,78.88,75.60
129+04450,2020-06-16 22:50:00,70.96,98.20
129+04450,2020-06-16 23:00:00,72.49,70.70
129+04450,2020-06-16 23:10:00,71.08,84.30
129+04450,2020-06-16 23:20:00,71.55,86.10
129+04450,2020-06-16 23:30:00,72.89,90.90
129+04450,2020-06-16 23:40:00,78.06,66.90
129+04450,2020-06-16 23:50:00,76.34,84.50
129+04451,2020-06-16 00:00:00,64.54,64.40
129+04451,2020-06-16 00:10:00,68.89,93.40
129+04451,2020-06-16 00:20:00,68.95,95.00
129+04451,2020-06-16 00:30:00,67.90,91.50
129+04451,2020-06-16 00:40:00,70.14,91.50
129+04451,2020-06-16 00:50:00,67.66,94.10
129+04451,2020-06-16 01:00:00,66.58,76.70
129+04451,2020-06-16 01:10:00,60.98,71.80
129+04451,2020-06-16 01:20:00,68.00,98.50
129+04451,2020-06-16 01:30:00,63.00,96.00
129+04451,2020-06-16 01:40:00,65.07,98.70
129+04451,2020-06-16 01:50:00,66.77,94.90
129+04451,2020-06-16 02:00:00,64.18,95.90
129+04451,2020-06-16 02:10:00,65.00,100.00
129+04451,2020-06-16 02:20:00,64.71,99.86
129+04451,2020-06-16 02:30:00,70.24,72.00
129+04451,2020-06-16 02:40:00,71.73,52.70
129+04451,2020-06-16 02:50:00,63.81,87.50
129+04451,2020-06-16 03:00:00,71.29,83.70
129+04451,2020-06-16 03:10:00,68.96,93.00
129+04451,2020-06-16 03:20:00,68.63,89.20
129+04451,2020-06-16 03:30:00,66.49,93.40
129+04451,2020-06-16 03:40:00,69.05,90.70
129+04451,2020-06-16 03:50:00,69.38,95.60
129+04451,2020-06-16 04:00:00,69.78,78.30
129+04451,2020-06-16 04:10:00,71.93,72.30
129+04451,2020-06-16 04:20:00,70.88,94.20
129+04451,2020-06-16 04:30:00,72.87,100.00
129+04451,2020-06-16 04:40:00,71.52,92.30
129+04451,2020-06-16 04:50:00,73.67,97.30
129+04451,2020-06-16 05:00:00,72.37,100.00
129+04451,2020-06-16 05:10:00,71.59,100.00
129+04451,2020-06-16 05:20:00,71.07,100.00
129+04451,2020-06-16 05:30:00,69.59,100.00
129+04451,2020-06-16 05:40:00,67.29,100.00
129+04451,2020-06-16 05:50:00,66.59,100.00
129+04451,2020-06-16 06:00:00,70.97,100.00
129+04451,2020-06-16 06:10:00,69.04,100.00
129+04451,2020-06-16 06:20:00,65.69,100.00
129+04451,2020-06-16 06:30:00,64.59,100.00
129+04451,2020-06-16 06:40:00,58.66,100.00
129+04451,2020-06-16 06:50:00,51.74,100.00
129+04451,2020-06-16 07:00:00,66.97,100.00
129+04451,2020-06-16 07:10:00,68.13,100.00
129+04451,2020-06-16 07:20:00,66.30,93.70
129+04451,2020-06-16 07:30:00,65.49,100.00
129+04451,2020-06-16 07:40:00,62.70,100.00
129+04451,2020-06-16 07:50:00,64.80,100.00
129+04451,2020-06-16 08:00:00,65.59,100.00
129+04451,2020-06-16 08:10:00,67.40,100.00
129+04451,2020-06-16 08:20:00,65.58,100.00
129+04451,2020-06-16 08:30:00,66.89,100.00
129+04451,2020-06-16 08:40:00,67.58,100.00
129+04451,2020-06-16 08:50:00,66.59,100.00
129+04451,2020-06-16 09:00:00,68.87,100.00
129+04451,2020-06-16 09:10:00,68.69,100.00
129+04451,2020-06-16 09:20:00,67.09,100.00
129+04451,2020-06-16 09:30:00,66.69,100.00
129+04451,2020-06-16 09:40:00,67.89,100.00
129+04451,2020-06-16 09:50:00,67.67,100.00
129+04451,2020-06-16 10:00:00,66.69,100.00
129+04451,2020-06-16 10:10:00,67.40,100.00
129+04451,2020-06-16 10:20:00,68.19,100.00
129+04451,2020-06-16 10:30:00,69.18,100.00
129+04451,2020-06-16 10:40:00,65.53,100.00
129+04451,2020-06-16 10:50:00,59.58,100.00
129+04451,2020-06-16 11:00:00,66.54,100.00
129+04451,2020-06-16 11:10:00,70.17,100.00
129+04451,2020-06-16 11:20:00,68.98,100.00
129+04451,2020-06-16 11:30:00,68.38,100.00
129+04451,2020-06-16 11:40:00,68.58,100.00
129+04451,2020-06-16 11:50:00,67.94,100.00
129+04451,2020-06-16 12:00:00,66.10,100.00
129+04451,2020-06-16 12:10:00,68.67,100.00
129+04451,2020-06-16 12:20:00,69.28,100.00
129+04451,2020-06-16 12:30:00,66.38,100.00
129+04451,2020-06-16 12:40:00,67.69,100.00
129+04451,2020-06-16 12:50:00,66.89,100.00
129+04451,2020-06-16 13:00:00,66.00,100.00
129+04451,2020-06-16 13:10:00,66.77,100.00
129+04451,2020-06-16 13:20:00,68.49,100.00
129+04451,2020-06-16 13:30:00,66.69,100.00
129+04451,2020-06-16 13:40:00,67.29,100.00
129+04451,2020-06-16 13:50:00,67.90,100.00
129+04451,2020-06-16 14:00:00,66.79,100.00
129+04451,2020-06-16 14:10:00,67.09,100.00
129+04451,2020-06-16 14:20:00,66.69,100.00
129+04451,2020-06-16 14:30:00,67.39,100.00
129+04451,2020-06-16 14:40:00,65.28,100.00
129+04451,2020-06-16 14:50:00,56.52,100.00
129+04451,2020-06-16 15:00:00,62.63,100.00
129+04451,2020-06-16 15:10:00,68.18,100.00
129+04451,2020-06-16 15:20:00,69.98,100.00
129+04451,2020-06-16 15:30:00,69.29,100.00
129+04451,2020-06-16 15:40:00,70.30,100.00
129+04451,2020-06-16 15:50:00,70.28,100.00
129+04451,2020-06-16 16:00:00,70.18,100.00
129+04451,2020-06-16 16:10:00,69.56,100.00
129+04451,2020-06-16 16:20:00,67.98,100.00
129+04451,2020-06-16 16:30:00,69.69,100.00
129+04451,2020-06-16 16:40:00,69.88,100.00
129+04451,2020-06-16 16:50:00,68.90,100.00
129+04451,2020-06-16 17:00:00,69.27,100.00
129+04451,2020-06-16 17:10:00,69.97,100.00
129+04451,2020-06-16 17:20:00,68.69,100.00
129+04451,2020-06-16 17:30:00,69.38,100.00
129+04451,2020-06-16 17:40:00,69.79,100.00
129+04451,2020-06-16 17:50:00,68.59,100.00
129+04451,2020-06-16 18:00:00,68.20,100.00
129+04451,2020-06-16 18:10:00,70.32,100.00
129+04451,2020-06-16 18:20:00,71.73,100.00
129+04451,2020-06-16 18:30:00,70.59,100.00
129+04451,2020-06-16 18:40:00,70.69,100.00
129+04451,2020-06-16 18:50:00,72.39,100.00
129+04451,2020-06-16 19:00:00,72.20,98.89
129+04451,2020-06-16 19:10:00,72.49,100.00
129+04451,2020-06-16 19:20:00,70.86,100.00
129+04451,2020-06-16 19:30:00,72.49,100.00
129+04451,2020-06-16 19:40:00,70.46,100.00
129+04451,2020-06-16 19:50:00,69.99,100.00
129+04451,2020-06-16 20:00:00,71.58,100.00
129+04451,2020-06-16 20:10:00,70.29,100.00
129+04451,2020-06-16 20:20:00,72.09,100.00
129+04451,2020-06-16 20:30:00,71.99,100.00
129+04451,2020-06-16 20:40:00,67.69,100.00
129+04451,2020-06-16 20:50:00,69.17,100.00
129+04451,2020-06-16 21:00:00,68.58,100.00
129+04451,2020-06-16 21:10:00,69.88,100.00
129+04451,2020-06-16 21:20:00,66.79,100.00
129+04451,2020-06-16 21:30:00,67.29,100.00
129+04451,2020-06-16 21:40:00,66.79,100.00
129+04451,2020-06-16 21:50:00,71.98,83.60
129+04451,2020-06-16 22:00:00,71.61,79.90
129+04451,2020-06-16 22:10:00,71.86,87.20
129+04451,2020-06-16 22:20:00,71.78,99.50
129+04451,2020-06-16 22:30:00,70.40,98.20
129+04451,2020-06-16 22:40:00,69.75,96.40
129+04451,2020-06-16 22:50:00,72.31,88.00
129+04451,2020-06-16 23:00:00,68.98,90.20
129+04451,2020-06-16 23:10:00,64.12,62.20
129+04451,2020-06-16 23:20:00,69.78,95.90
129+04451,2020-06-16 23:30:00,69.82,94.40
129+04451,2020-06-16 23:40:00,71.85,82.50
129+04451,2020-06-16 23:50:00,67.77,93.50
129P04446,2020-06-16 00:00:00,71.00,87.50
129P04446,2020-06-16 00:10:00,71.00,77.00
129P04446,2020-06-16 00:20:00,,
129P04446,2020-06-16 00:30:00,68.00,79.00
129P04446,2020-06-16 00:40:00,68.00,73.38
129P04446,2020-06-16 00:50:00,68.00,85.50
129P04446,2020-06-16 01:00:00,71.06,81.71
129P04446,2020-06-16 01:10:00,66.75,85.22
129P04446,2020-06-16 01:20:00,67.55,96.89
129P04446,2020-06-16 01:30:00,65.09,84.40
129P04446,2020-06-16 01:40:00,73.57,43.70
129P04446,2020-06-16 01:50:00,76.42,35.57
129P04446,2020-06-16 02:00:00,,
129P04446,2020-06-16 02:10:00,,
129P04446,2020-06-16 02:20:00,66.00,50.50
129P04446,2020-06-16 02:30:00,66.00,44.86
129P04446,2020-06-16 02:40:00,,
129P04446,2020-06-16 02:50:00,70.88,74.60
129P04446,2020-06-16 03:00:00,72.02,77.30
129P04446,2020-06-16 03:10:00,70.25,86.40
129P04446,2020-06-16 03:20:00,66.29,67.60
129P04446,2020-06-16 03:30:00,65.00,61.60
129P04446,2020-06-16 03:40:00,77.07,41.50
129P04446,2020-06-16 03:50:00,79.93,32.30
129P04446,2020-06-16 04:00:00,75.98,88.30
129P04446,2020-06-16 04:10:00,74.67,82.30
129P04446,2020-06-16 04:20:00,73.58,99.60
129P04446,2020-06-16 04:30:00,74.48,93.30
129P04446,2020-06-16 04:40:00,73.14,89.50
129P04446,2020-06-16 04:50:00,71.54,98.40
129P04446,2020-06-16 05:00:00,75.88,95.10
129P04446,2020-06-16 05:10:00,75.77,100.00
129P04446,2020-06-16 05:20:00,73.58,100.00
129P04446,2020-06-16 05:30:00,72.18,100.00
129P04446,2020-06-16 05:40:00,70.59,100.00
129P04446,2020-06-16 05:50:00,71.49,98.40
129P04446,2020-06-16 06:00:00,71.00,100.00
129P04446,2020-06-16 06:10:00,70.67,100.00
129P04446,2020-06-16 06:20:00,70.50,100.00
129P04446,2020-06-16 06:30:00,71.15,100.00
129P04446,2020-06-16 06:40:00,74.07,100.00
129P04446,2020-06-16 06:50:00,71.59,100.00
129P04446,2020-06-16 07:00:00,71.37,100.00
129P04446,2020-06-16 07:10:00,69.97,100.00
129P04446,2020-06-16 07:20:00,70.07,100.00
129P04446,2020-06-16 07:30:00,70.48,100.00
129P04446,2020-06-16 07:40:00,69.78,100.00
129P04446,2020-06-16 07:50:00,69.48,100.00
129P04446,2020-06-16 08:00:00,71.19,100.00
129P04446,2020-06-16 08:10:00,70.59,100.00
129P04446,2020-06-16 08:20:00,72.66,98.60
129P04446,2020-06-16 08:30:00,70.46,100.00
129P04446,2020-06-16 08:40:00,72.44,100.00
129P04446,2020-06-16 08:50:00,73.76,100.00
129P04446,2020-06-16 09:00:00,73.37,100.00
129P04446,2020-06-16 09:10:00,44.82,99.80
129P04446,2020-06-16 09:20:00,39.51,100.00
129P04446,2020-06-16 09:30:00,70.75,100.00
129P04446,2020-06-16 09:40:00,71.68,100.00
129P04446,2020-06-16 09:50:00,73.98,100.00
129P04446,2020-06-16 10:00:00,72.42,100.00
129P04446,2020-06-16 10:10:00,71.59,100.00
129P04446,2020-06-16 10:20:00,69.18,100.00
129P04446,2020-06-16 10:30:00,69.99,99.90
129P04446,2020-06-16 10:40:00,70.37,100.00
129P04446,2020-06-16 10:50:00,72.57,100.00
129P04446,2020-06-16 11:00:00,74.66,100.00
129P04446,2020-06-16 11:10:00,73.56,100.00
129P04446,2020-06-16 11:20:00,73.67,99.70
129P04446,2020-06-16 11:30:00,73.08,99.80
129P04446,2020-06-16 11:40:00,73.67,100.00
129P04446,2020-06-16 11:50:00,72.96,95.00
129P04446,2020-06-16 12:00:00,69.85,95.10
129P04446,2020-06-16 12:10:00,72.63,100.00
129P04446,2020-06-16 12:20:00,71.49,98.90
129P04446,2020-06-16 12:30:00,68.40,100.00
129P04446,2020-06-16 12:40:00,59.85,100.00
129P04446,2020-06-16 12:50:00,69.79,99.20
129P04446,2020-06-16 13:00:00,71.89,97.90
129P04446,2020-06-16 13:10:00,70.64,100.00
129P04446,2020-06-16 13:20:00,74.47,100.00
129P04446,2020-06-16 13:30:00,70.16,100.00
129P04446,2020-06-16 13:40:00,73.89,100.00
129P04446,2020-06-16 13:50:00,71.58,100.00
129P04446,2020-06-16 14:00:00,70.91,100.00
129P04446,2020-06-16 14:10:00,68.48,100.00
129P04446,2020-06-16 14:20:00,68.99,100.00
129P04446,2020-06-16 14:30:00,68.28,100.00
129P04446,2020-06-16 14:40:00,72.39,100.00
129P04446,2020-06-16 14:50:00,71.23,100.00
129P04446,2020-06-16 15:00:00,77.29,97.50
129P04446,2020-06-16 15:10:00,70.90,97.50
129P04446,2020-06-16 15:20:00,71.15,100.00
129P04446,2020-06-16 15:30:00,72.28,100.00
129P04446,2020-06-16 15:40:00,73.38,100.00
129P04446,2020-06-16 15:50:00,72.55,100.00
129P04446,2020-06-16 16:00:00,74.22,100.00
129P04446,2020-06-16 16:10:00,71.09,100.00
129P04446,2020-06-16 16:20:00,71.39,100.00
129P04446,2020-06-16 16:30:00,73.64,99.10
129P04446,2020-06-16 16:40:00,72.36,100.00
129P04446,2020-06-16 16:50:00,71.66,100.00
129P04446,2020-06-16 17:00:00,73.27,100.00
129P04446,2020-06-16 17:10:00,73.45,100.00
129P04446,2020-06-16 17:20:00,73.08,99.90
129P04446,2020-06-16 17:30:00,74.06,99.90
129P04446,2020-06-16 17:40:00,76.09,100.00
129P04446,2020-06-16 17:50:00,75.68,100.00
129P04446,2020-06-16 18:00:00,73.44,98.60
129P04446,2020-06-16 18:10:00,76.66,90.60
129P04446,2020-06-16 18:20:00,74.39,100.00
129P04446,2020-06-16 18:30:00,74.78,96.90
129P04446,2020-06-16 18:40:00,71.46,99.00
129P04446,2020-06-16 18:50:00,69.08,99.90
129P04446,2020-06-16 19:00:00,71.11,78.44
129P04446,2020-06-16 19:10:00,77.57,56.30
129P04446,2020-06-16 19:20:00,77.59,61.90
129P04446,2020-06-16 19:30:00,72.95,100.00
129P04446,2020-06-16 19:40:00,71.95,100.00
129P04446,2020-06-16 19:50:00,71.49,100.00
129P04446,2020-06-16 20:00:00,75.98,90.10
129P04446,2020-06-16 20:10:00,71.67,100.00
129P04446,2020-06-16 20:20:00,73.61,67.50
129P04446,2020-06-16 20:30:00,67.39,70.50
129P04446,2020-06-16 20:40:00,70.22,91.00
129P04446,2020-06-16 20:50:00,75.28,69.00
129P04446,2020-06-16 21:00:00,74.90,94.60
129P04446,2020-06-16 21:10:00,72.46,100.00
129P04446,2020-06-16 21:20:00,69.47,84.90
129P04446,2020-06-16 21:30:00,68.43,97.50
129P04446,2020-06-16 21:40:00,72.08,89.20
129P04446,2020-06-16 21:50:00,71.01,95.70
129P04446,2020-06-16 22:00:00,71.42,89.90
129P04446,2020-06-16 22:10:00,72.41,78.10
129P04446,2020-06-16 22:20:00,69.89,94.60
129P04446,2020-06-16 22:30:00,69.78,96.50
129P04446,2020-06-16 22:40:00,74.20,70.90
129P04446,2020-06-16 22:50:00,67.88,100.00
129P04446,2020-06-16 23:00:00,62.00,26.70
129P04446,2020-06-16 23:10:00,61.33,40.33
129P04446,2020-06-16 23:20:00,75.10,51.40
129P04446,2020-06-16 23:30:00,75.05,46.30
129P04446,2020-06-16 23:40:00,81.00,37.13
129P04446,2020-06-16 23:50:00,75.00,95.40
129P04468,2020-06-16 00:00:00,21.63,86.50
129P04468,2020-06-16 00:10:00,58.45,88.20
129P04468,2020-06-16 00:20:00,60.74,86.20
129P04468,2020-06-16 00:30:00,,
129P04468,2020-06-16 00:40:00,65.00,78.00
129P04468,2020-06-16 00:50:00,64.84,75.30
129P04468,2020-06-16 01:00:00,58.97,81.33
129P04468,2020-06-16 01:10:00,59.46,86.00
129P04468,2020-06-16 01:20:00,61.98,96.90
129P04468,2020-06-16 01:30:00,63.50,98.00
129P04468,2020-06-16 01:40:00,64.00,93.75
129P04468,2020-06-16 01:50:00,,
129P04468,2020-06-16 02:00:00,62.00,
129P04468,2020-06-16 02:10:00,62.00,
129P04468,2020-06-16 02:20:00,65.00,97.29
129P04468,2020-06-16 02:30:00,62.56,91.88
129P04468,2020-06-16 02:40:00,64.00,99.67
129P04468,2020-06-16 02:50:00,63.00,98.00
129P04468,2020-06-16 03:00:00,64.39,97.90
129P04468,2020-06-16 03:10:00,65.20,97.00
129P04468,2020-06-16 03:20:00,,
129P04468,2020-06-16 03:30:00,70.48,63.13
129P04468,2020-06-16 03:40:00,69.16,84.80
129P04468,2020-06-16 03:50:00,,
129P04468,2020-06-16 04:00:00,70.37,56.00
129P04468,2020-06-16 04:10:00,73.55,72.60
129P04468,2020-06-16 04:20:00,65.28,65.10
129P04468,2020-06-16 04:30:00,69.67,94.30
129P04468,2020-06-16 04:40:00,70.04,89.70
129P04468,2020-06-16 04:50:00,71.84,90.10
129P04468,2020-06-16 05:00:00,70.50,99.60
129P04468,2020-06-16 05:10:00,71.85,89.30
129P04468,2020-06-16 05:20:00,71.29,90.40
129P04468,2020-06-16 05:30:00,70.39,99.90
129P04468,2020-06-16 05:40:00,71.46,99.70
129P04468,2020-06-16 05:50:00,70.28,100.00
129P04468,2020-06-16 06:00:00,67.99,97.10
129P04468,2020-06-16 06:10:00,70.05,99.80
129P04468,2020-06-16 06:20:00,68.37,100.00
129P04468,2020-06-16 06:30:00,66.46,100.00
129P04468,2020-06-16 06:40:00,68.46,100.00
129P04468,2020-06-16 06:50:00,67.83,100.00
129P04468,2020-06-16 07:00:00,67.78,100.00
129P04468,2020-06-16 07:10:00,66.39,100.00
129P04468,2020-06-16 07:20:00,67.16,100.00
129P04468,2020-06-16 07:30:00,68.68,100.00
129P04468,2020-06-16 07:40:00,65.49,100.00
129P04468,2020-06-16 07:50:00,64.90,100.00
129P04468,2020-06-16 08:00:00,65.09,100.00
129P04468,2020-06-16 08:10:00,63.56,100.00
129P04468,2020-06-16 08:20:00,61.90,100.00
129P04468,2020-06-16 08:30:00,61.09,92.40
129P04468,2020-06-16 08:40:00,64.82,100.00
129P04468,2020-06-16 08:50:00,62.47,100.00
129P04468,2020-06-16 09:00:00,62.27,100.00
129P04468,2020-06-16 09:10:00,63.58,100.00
129P04468,2020-06-16 09:20:00,60.48,79.30
129P04468,2020-06-16 09:30:00,60.72,90.20
129P04468,2020-06-16 09:40:00,60.50,98.20
129P04468,2020-06-16 09:50:00,63.38,100.00
129P04468,2020-06-16 10:00:00,63.59,100.00
129P04468,2020-06-16 10:10:00,65.77,89.00
129P04468,2020-06-16 10:20:00,60.38,100.00
129P04468,2020-06-16 10:30:00,59.24,84.70
129P04468,2020-06-16 10:40:00,61.22,97.30
129P04468,2020-06-16 10:50:00,64.47,95.30
129P04468,2020-06-16 11:00:00,62.57,100.00
129P04468,2020-06-16 11:10:00,61.56,100.00
129P04468,2020-06-16 11:20:00,66.79,100.00
129P04468,2020-06-16 11:30:00,67.76,100.00
129P04468,2020-06-16 11:40:00,68.00,95.70
129P04468,2020-06-16 11:50:00,66.55,98.60
129P04468,2020-06-16 12:00:00,74.33,42.60
129P04468,2020-06-16 12:10:00,66.99,91.30
129P04468,2020-06-16 12:20:00,64.98,100.00
129P04468,2020-06-16 12:30:00,64.38,100.00
129P04468,2020-06-16 12:40:00,66.87,99.00
129P04468,2020-06-16 12:50:00,65.30,100.00
129P04468,2020-06-16 13:00:00,64.92,95.00
129P04468,2020-06-16 13:10:00,67.38,90.70
129P04468,2020-06-16 13:20:00,66.77,95.80
129P04468,2020-06-16 13:30:00,66.78,97.60
129P04468,2020-06-16 13:40:00,65.04,100.00
129P04468,2020-06-16 13:50:00,66.83,98.60
129P04468,2020-06-16 14:00:00,65.79,100.00
129P04468,2020-06-16 14:10:00,66.83,94.40
129P04468,2020-06-16 14:20:00,67.67,95.50
129P04468,2020-06-16 14:30:00,67.74,98.50
129P04468,2020-06-16 14:40:00,68.70,99.40
129P04468,2020-06-16 14:50:00,64.90,100.00
129P04468,2020-06-16 15:00:00,68.56,95.00
129P04468,2020-06-16 15:10:00,66.46,99.90
129P04468,2020-06-16 15:20:00,67.79,99.10
129P04468,2020-06-16 15:30:00,68.33,92.10
129P04468,2020-06-16 15:40:00,67.13,100.00
129P04468,2020-06-16 15:50:00,67.17,100.00
129P04468,2020-06-16 16:00:00,65.49,100.00
129P04468,2020-06-16 16:10:00,66.17,99.70
129P04468,2020-06-16 16:20:00,66.59,100.00
129P04468,2020-06-16 16:30:00,67.39,100.00
129P04468,2020-06-16 16:40:00,67.00,100.00
129P04468,2020-06-16 16:50:00,66.58,100.00
129P04468,2020-06-16 17:00:00,66.09,100.00
129P04468,2020-06-16 17:10:00,66.99,100.00
129P04468,2020-06-16 17:20:00,67.38,100.00
129P04468,2020-06-16 17:30:00,68.38,100.00
129P04468,2020-06-16 17:40:00,66.78,100.00
129P04468,2020-06-16 17:50:00,67.06,93.50
129P04468,2020-06-16 18:00:00,67.00,100.00
129P04468,2020-06-16 18:10:00,68.59,100.00
129P04468,2020-06-16 18:20:00,67.35,100.00
129P04468,2020-06-16 18:30:00,65.39,100.00
129P04468,2020-06-16 18:40:00,67.79,86.40
129P04468,2020-06-16 18:50:00,69.89,82.30
129P04468,2020-06-16 19:00:00,66.32,100.00
129P04468,2020-06-16 19:10:00,64.67,100.00
129P04468,2020-06-16 19:20:00,64.76,100.00
129P04468,2020-06-16 19:30:00,68.97,95.10
129P04468,2020-06-16 19:40:00,67.83,85.50
129P04468,2020-06-16 19:50:00,74.36,45.20
129P04468,2020-06-16 20:00:00,66.46,100.00
129P04468,2020-06-16 20:10:00,66.59,100.00
129P04468,2020-06-16 20:20:00,68.16,100.00
129P04468,2020-06-16 20:30:00,66.15,100.00
129P04468,2020-06-16 20:40:00,69.28,100.00
129P04468,2020-06-16 20:50:00,67.86,100.00
129P04468,2020-06-16 21:00:00,67.57,100.00
129P04468,2020-06-16 21:10:00,67.51,100.00
129P04468,2020-06-16 21:20:00,64.90,98.40
129P04468,2020-06-16 21:30:00,64.97,100.00
129P04468,2020-06-16 21:40:00,67.15,86.70
129P04468,2020-06-16 21:50:00,63.15,95.80
129P04468,2020-06-16 22:00:00,64.39,100.00
129P04468,2020-06-16 22:10:00,67.49,93.75
129P04468,2020-06-16 22:20:00,69.50,68.00
129P04468,2020-06-16 22:30:00,67.69,92.50
129P04468,2020-06-16 22:40:00,70.37,65.50
129P04468,2020-06-16 22:50:00,72.15,70.90
129P04468,2020-06-16 23:00:00,69.16,96.30
129P04468,2020-06-16 23:10:00,68.49,93.50
129P04468,2020-06-16 23:20:00,68.89,25.40
129P04468,2020-06-16 23:30:00,59.37,24.80
129P04468,2020-06-16 23:40:00,57.00,28.00
129P04468,2020-06-16 23:50:00,,
129P04467,2020-06-16 00:00:00,60.68,67.40
129P04467,2020-06-16 00:10:00,54.75,66.60
129P04467,2020-06-16 00:20:00,54.41,78.30
129P04467,2020-06-16 00:30:00,,
129P04467,2020-06-16 00:40:00,63.00,64.00
129P04467,2020-06-16 00:50:00,62.84,71.40
129P04467,2020-06-16 01:00:00,57.65,97.50
129P04467,2020-06-16 01:10:00,57.00,89.50
129P04467,2020-06-16 01:20:00,58.93,92.30
129P04467,2020-06-16 01:30:00,61.50,95.88
129P04467,2020-06-16 01:40:00,62.00,93.38
129P04467,2020-06-16 01:50:00,,
129P04467,2020-06-16 02:00:00,,
129P04467,2020-06-16 02:10:00,,
129P04467,2020-06-16 02:20:00,63.00,97.71
129P04467,2020-06-16 02:30:00,61.75,92.89
129P04467,2020-06-16 02:40:00,63.00,99.67
129P04467,2020-06-16 02:50:00,61.00,99.00
129P04467,2020-06-16 03:00:00,62.18,99.40
129P04467,2020-06-16 03:10:00,63.00,99.40
129P04467,2020-06-16 03:20:00,,
129P04467,2020-06-16 03:30:00,68.00,58.38
129P04467,2020-06-16 03:40:00,67.80,78.80
129P04467,2020-06-16 03:50:00,,
129P04467,2020-06-16 04:00:00,69.27,81.50
129P04467,2020-06-16 04:10:00,70.38,75.50
129P04467,2020-06-16 04:20:00,63.47,51.60
129P04467,2020-06-16 04:30:00,68.56,91.80
129P04467,2020-06-16 04:40:00,69.89,88.90
129P04467,2020-06-16 04:50:00,70.24,88.60
129P04467,2020-06-16 05:00:00,69.47,100.00
129P04467,2020-06-16 05:10:00,70.36,87.20
129P04467,2020-06-16 05:20:00,70.65,88.00
129P04467,2020-06-16 05:30:00,68.89,100.00
129P04467,2020-06-16 05:40:00,70.33,98.30
129P04467,2020-06-16 05:50:00,68.94,97.10
129P04467,2020-06-16 06:00:00,64.45,90.10
129P04467,2020-06-16 06:10:00,67.95,100.00
129P04467,2020-06-16 06:20:00,66.20,100.00
129P04467,2020-06-16 06:30:00,63.60,100.00
129P04467,2020-06-16 06:40:00,65.37,100.00
129P04467,2020-06-16 06:50:00,64.55,100.00
129P04467,2020-06-16 07:00:00,65.96,100.00
129P04467,2020-06-16 07:10:00,64.99,100.00
129P04467,2020-06-16 07:20:00,65.44,100.00
129P04467,2020-06-16 07:30:00,65.99,100.00
129P04467,2020-06-16 07:40:00,63.19,100.00
129P04467,2020-06-16 07:50:00,62.09,100.00
129P04467,2020-06-16 08:00:00,61.27,100.00
129P04467,2020-06-16 08:10:00,59.89,100.00
129P04467,2020-06-16 08:20:00,59.37,100.00
129P04467,2020-06-16 08:30:00,58.68,100.00
129P04467,2020-06-16 08:40:00,62.97,100.00
129P04467,2020-06-16 08:50:00,60.99,100.00
129P04467,2020-06-16 09:00:00,60.99,100.00
129P04467,2020-06-16 09:10:00,59.77,100.00
129P04467,2020-06-16 09:20:00,56.29,92.30
129P04467,2020-06-16 09:30:00,58.04,91.00
129P04467,2020-06-16 09:40:00,57.88,97.90
129P04467,2020-06-16 09:50:00,60.38,100.00
129P04467,2020-06-16 10:00:00,63.89,100.00
129P04467,2020-06-16 10:10:00,64.06,87.60
129P04467,2020-06-16 10:20:00,58.40,100.00
129P04467,2020-06-16 10:30:00,57.03,100.00
129P04467,2020-06-16 10:40:00,60.22,100.00
129P04467,2020-06-16 10:50:00,61.32,100.00
129P04467,2020-06-16 11:00:00,59.88,100.00
129P04467,2020-06-16 11:10:00,60.69,100.00
129P04467,2020-06-16 11:20:00,66.28,100.00
129P04467,2020-06-16 11:30:00,65.96,100.00
129P04467,2020-06-16 11:40:00,63.85,100.00
129P04467,2020-06-16 11:50:00,62.58,100.00
129P04467,2020-06-16 12:00:00,71.03,44.20
129P04467,2020-06-16 12:10:00,65.68,90.50
129P04467,2020-06-16 12:20:00,63.39,100.00
129P04467,2020-06-16 12:30:00,62.54,100.00
129P04467,2020-06-16 12:40:00,65.99,100.00
129P04467,2020-06-16 12:50:00,63.98,100.00
129P04467,2020-06-16 13:00:00,61.75,100.00
129P04467,2020-06-16 13:10:00,65.79,95.50
129P04467,2020-06-16 13:20:00,66.75,87.30
129P04467,2020-06-16 13:30:00,66.59,97.20
129P04467,2020-06-16 13:40:00,63.47,100.00
129P04467,2020-06-16 13:50:00,65.97,100.00
129P04467,2020-06-16 14:00:00,64.55,100.00
129P04467,2020-06-16 14:10:00,65.54,94.80
129P04467,2020-06-16 14:20:00,66.55,95.70
129P04467,2020-06-16 14:30:00,67.01,96.60
129P04467,2020-06-16 14:40:00,67.59,98.00
129P04467,2020-06-16 14:50:00,61.52,100.00
129P04467,2020-06-16 15:00:00,66.51,100.00
129P04467,2020-06-16 15:10:00,65.03,99.40
129P04467,2020-06-16 15:20:00,65.06,100.00
129P04467,2020-06-16 15:30:00,67.35,81.90
129P04467,2020-06-16 15:40:00,64.93,100.00
129P04467,2020-06-16 15:50:00,66.16,100.00
129P04467,2020-06-16 16:00:00,63.00,100.00
129P04467,2020-06-16 16:10:00,64.89,100.00
129P04467,2020-06-16 16:20:00,65.06,100.00
129P04467,2020-06-16 16:30:00,64.75,100.00
129P04467,2020-06-16 16:40:00,64.80,100.00
129P04467,2020-06-16 16:50:00,64.98,100.00
129P04467,2020-06-16 17:00:00,65.59,100.00
129P04467,2020-06-16 17:10:00,65.27,100.00
129P04467,2020-06-16 17:20:00,66.49,100.00
129P04467,2020-06-16 17:30:00,66.87,100.00
129P04467,2020-06-16 17:40:00,64.76,100.00
129P04467,2020-06-16 17:50:00,65.77,100.00
129P04467,2020-06-16 18:00:00,66.33,100.00
129P04467,2020-06-16 18:10:00,67.79,100.00
129P04467,2020-06-16 18:20:00,66.12,100.00
129P04467,2020-06-16 18:30:00,64.79,100.00
129P04467,2020-06-16 18:40:00,66.60,91.50
129P04467,2020-06-16 18:50:00,66.62,88.30
129P04467,2020-06-16 19:00:00,62.01,88.00
129P04467,2020-06-16 19:10:00,63.26,100.00
129P04467,2020-06-16 19:20:00,63.53,92.30
129P04467,2020-06-16 19:30:00,63.94,96.70
129P04467,2020-06-16 19:40:00,63.64,88.70
129P04467,2020-06-16 19:50:00,74.80,18.20
129P04467,2020-06-16 20:00:00,64.38,100.00
129P04467,2020-06-16 20:10:00,63.69,100.00
129P04467,2020-06-16 20:20:00,66.68,94.40
129P04467,2020-06-16 20:30:00,65.58,100.00
129P04467,2020-06-16 20:40:00,66.94,100.00
129P04467,2020-06-16 20:50:00,65.17,100.00
129P04467,2020-06-16 21:00:00,68.16,94.00
129P04467,2020-06-16 21:10:00,64.80,100.00
129P04467,2020-06-16 21:20:00,63.75,98.10
129P04467,2020-06-16 21:30:00,63.38,100.00
129P04467,2020-06-16 21:40:00,64.20,94.30
129P04467,2020-06-16 21:50:00,61.78,100.00
129P04467,2020-06-16 22:00:00,61.30,100.00
129P04467,2020-06-16 22:10:00,60.82,100.00
129P04467,2020-06-16 22:20:00,66.99,84.90
129P04467,2020-06-16 22:30:00,66.58,84.60
129P04467,2020-06-16 22:40:00,69.56,59.40
129P04467,2020-06-16 22:50:00,71.79,49.20
129P04467,2020-06-16 23:00:00,64.48,68.90
129P04467,2020-06-16 23:10:00,65.46,86.10
129P04467,2020-06-16 23:20:00,64.66,40.00
129P04467,2020-06-16 23:30:00,57.37,33.30
129P04467,2020-06-16 23:40:00,55.00,31.00
129P04467,2020-06-16 23:50:00,,
129P04445,2020-06-16 00:00:00,74.39,48.60
129P04445,2020-06-16 00:10:00,73.75,56.70
129P04445,2020-06-16 00:20:00,70.14,99.57
129P04445,2020-06-16 00:30:00,68.00,85.75
129P04445,2020-06-16 00:40:00,67.62,78.63
129P04445,2020-06-16 00:50:00,65.65,66.67
129P04445,2020-06-16 01:00:00,64.94,83.60
129P04445,2020-06-16 01:10:00,63.58,78.60
129P04445,2020-06-16 01:20:00,66.07,96.90
129P04445,2020-06-16 01:30:00,63.87,89.60
129P04445,2020-06-16 01:40:00,70.67,60.80
129P04445,2020-06-16 01:50:00,71.94,53.00
129P04445,2020-06-16 02:00:00,,
129P04445,2020-06-16 02:10:00,,
129P04445,2020-06-16 02:20:00,67.00,91.50
129P04445,2020-06-16 02:30:00,67.00,94.67
129P04445,2020-06-16 02:40:00,71.00,90.00
129P04445,2020-06-16 02:50:00,72.55,83.89
129P04445,2020-06-16 03:00:00,71.79,94.60
129P04445,2020-06-16 03:10:00,67.76,84.90
129P04445,2020-06-16 03:20:00,67.10,86.30
129P04445,2020-06-16 03:30:00,67.06,69.88
129P04445,2020-06-16 03:40:00,71.79,86.80
129P04445,2020-06-16 03:50:00,76.09,43.20
129P04445,2020-06-16 04:00:00,74.90,59.90
129P04445,2020-06-16 04:10:00,71.23,82.50
129P04445,2020-06-16 04:20:00,72.48,99.70
129P04445,2020-06-16 04:30:00,71.20,92.60
129P04445,2020-06-16 04:40:00,75.97,74.70
129P04445,2020-06-16 04:50:00,74.73,75.50
129P04445,2020-06-16 05:00:00,77.79,86.90
129P04445,2020-06-16 05:10:00,76.24,100.00
129P04445,2020-06-16 05:20:00,74.38,100.00
129P04445,2020-06-16 05:30:00,72.58,100.00
129P04445,2020-06-16 05:40:00,72.69,100.00
129P04445,2020-06-16 05:50:00,72.97,100.00
129P04445,2020-06-16 06:00:00,72.18,100.00
129P04445,2020-06-16 06:10:00,72.16,98.70
129P04445,2020-06-16 06:20:00,72.26,99.80
129P04445,2020-06-16 06:30:00,73.14,100.00
129P04445,2020-06-16 06:40:00,75.05,100.00
129P04445,2020-06-16 06:50:00,71.77,100.00
129P04445,2020-06-16 07:00:00,70.98,100.00
129P04445,2020-06-16 07:10:00,72.15,100.00
129P04445,2020-06-16 07:20:00,74.36,100.00
129P04445,2020-06-16 07:30:00,73.15,100.00
129P04445,2020-06-16 07:40:00,70.09,100.00
129P04445,2020-06-16 07:50:00,71.19,100.00
129P04445,2020-06-16 08:00:00,72.78,100.00
129P04445,2020-06-16 08:10:00,70.91,100.00
129P04445,2020-06-16 08:20:00,72.10,92.30
129P04445,2020-06-16 08:30:00,66.78,99.90
129P04445,2020-06-16 08:40:00,31.96,100.00
129P04445,2020-06-16 08:50:00,54.04,100.00
129P04445,2020-06-16 09:00:00,71.90,97.40
129P04445,2020-06-16 09:10:00,71.20,100.00
129P04445,2020-06-16 09:20:00,73.38,100.00
129P04445,2020-06-16 09:30:00,72.77,100.00
129P04445,2020-06-16 09:40:00,71.26,100.00
129P04445,2020-06-16 09:50:00,71.99,100.00
129P04445,2020-06-16 10:00:00,73.78,100.00
129P04445,2020-06-16 10:10:00,73.67,100.00
129P04445,2020-06-16 10:20:00,70.63,98.20
129P04445,2020-06-16 10:30:00,71.45,97.00
129P04445,2020-06-16 10:40:00,72.27,100.00
129P04445,2020-06-16 10:50:00,72.98,100.00
129P04445,2020-06-16 11:00:00,75.59,98.30
129P04445,2020-06-16 11:10:00,74.18,100.00
129P04445,2020-06-16 11:20:00,74.58,100.00
129P04445,2020-06-16 11:30:00,72.66,100.00
129P04445,2020-06-16 11:40:00,67.67,100.00
129P04445,2020-06-16 11:50:00,61.60,100.00
129P04445,2020-06-16 12:00:00,44.31,100.00
129P04445,2020-06-16 12:10:00,62.67,100.00
129P04445,2020-06-16 12:20:00,70.29,100.00
129P04445,2020-06-16 12:30:00,71.09,100.00
129P04445,2020-06-16 12:40:00,73.55,100.00
129P04445,2020-06-16 12:50:00,72.68,100.00
129P04445,2020-06-16 13:00:00,70.38,100.00
129P04445,2020-06-16 13:10:00,70.75,100.00
129P04445,2020-06-16 13:20:00,70.16,100.00
129P04445,2020-06-16 13:30:00,68.24,100.00
129P04445,2020-06-16 13:40:00,71.96,100.00
129P04445,2020-06-16 13:50:00,71.34,100.00
129P04445,2020-06-16 14:00:00,74.36,100.00
129P04445,2020-06-16 14:10:00,69.08,100.00
129P04445,2020-06-16 14:20:00,71.78,100.00
129P04445,2020-06-16 14:30:00,72.88,100.00
129P04445,2020-06-16 14:40:00,73.79,100.00
129P04445,2020-06-16 14:50:00,73.18,100.00
129P04445,2020-06-16 15:00:00,74.47,100.00
129P04445,2020-06-16 15:10:00,70.80,100.00
129P04445,2020-06-16 15:20:00,72.78,100.00
129P04445,2020-06-16 15:30:00,73.56,99.40
129P04445,2020-06-16 15:40:00,70.15,100.00
129P04445,2020-06-16 15:50:00,75.19,100.00
129P04445,2020-06-16 16:00:00,73.14,100.00
129P04445,2020-06-16 16:10:00,71.09,100.00
129P04445,2020-06-16 16:20:00,71.26,98.70
129P04445,2020-06-16 16:30:00,72.77,100.00
129P04445,2020-06-16 16:40:00,73.74,100.00
129P04445,2020-06-16 16:50:00,73.08,100.00
129P04445,2020-06-16 17:00:00,75.58,100.00
129P04445,2020-06-16 17:10:00,72.85,100.00
129P04445,2020-06-16 17:20:00,73.59,100.00
129P04445,2020-06-16 17:30:00,76.49,100.00
129P04445,2020-06-16 17:40:00,75.89,100.00
129P04445,2020-06-16 17:50:00,75.75,100.00
129P04445,2020-06-16 18:00:00,75.87,100.00
129P04445,2020-06-16 18:10:00,76.90,100.00
129P04445,2020-06-16 18:20:00,72.19,100.00
129P04445,2020-06-16 18:30:00,71.07,100.00
129P04445,2020-06-16 18:40:00,72.69,90.40
129P04445,2020-06-16 18:50:00,76.78,79.40
129P04445,2020-06-16 19:00:00,76.77,77.67
129P04445,2020-06-16 19:10:00,75.78,79.60
129P04445,2020-06-16 19:20:00,73.27,100.00
129P04445,2020-06-16 19:30:00,72.28,100.00
129P04445,2020-06-16 19:40:00,71.20,100.00
129P04445,2020-06-16 19:50:00,74.59,100.00
129P04445,2020-06-16 20:00:00,73.50,91.00
129P04445,2020-06-16 20:10:00,73.53,100.00
129P04445,2020-06-16 20:20:00,69.06,83.90
129P04445,2020-06-16 20:30:00,67.83,71.30
129P04445,2020-06-16 20:40:00,71.96,96.00
129P04445,2020-06-16 20:50:00,72.07,100.00
129P04445,2020-06-16 21:00:00,69.26,92.40
129P04445,2020-06-16 21:10:00,70.73,97.40
129P04445,2020-06-16 21:20:00,66.36,72.00
129P04445,2020-06-16 21:30:00,68.34,75.20
129P04445,2020-06-16 21:40:00,73.09,90.90
129P04445,2020-06-16 21:50:00,74.63,70.70
129P04445,2020-06-16 22:00:00,71.54,84.90
129P04445,2020-06-16 22:10:00,69.38,100.00
129P04445,2020-06-16 22:20:00,69.59,97.10
129P04445,2020-06-16 22:30:00,74.97,81.70
129P04445,2020-06-16 22:40:00,69.97,99.90
129P04445,2020-06-16 22:50:00,68.39,91.80
129P04445,2020-06-16 23:00:00,68.55,92.80
129P04445,2020-06-16 23:10:00,71.00,100.00
129P04445,2020-06-16 23:20:00,69.00,98.88
129P04445,2020-06-16 23:30:00,71.84,75.50
129P04445,2020-06-16 23:40:00,78.42,33.83
129P04445,2020-06-16 23:50:00,73.90,86.00
129P04466,2020-06-16 00:00:00,59.84,63.63
129P04466,2020-06-16 00:10:00,54.18,88.10
129P04466,2020-06-16 00:20:00,53.00,81.50
129P04466,2020-06-16 00:30:00,,
129P04466,2020-06-16 00:40:00,66.88,35.00
129P04466,2020-06-16 00:50:00,65.00,54.80
129P04466,2020-06-16 01:00:00,65.00,75.00
129P04466,2020-06-16 01:10:00,,
129P04466,2020-06-16 01:20:00,,
129P04466,2020-06-16 01:30:00,,
129P04466,2020-06-16 01:40:00,,
129P04466,2020-06-16 01:50:00,,
129P04466,2020-06-16 02:00:00,,
129P04466,2020-06-16 02:10:00,,
129P04466,2020-06-16 02:20:00,65.00,100.00
129P04466,2020-06-16 02:30:00,62.74,83.60
129P04466,2020-06-16 02:40:00,63.00,99.00
129P04466,2020-06-16 02:50:00,63.00,100.00
129P04466,2020-06-16 03:00:00,63.00,100.00
129P04466,2020-06-16 03:10:00,63.00,99.00
129P04466,2020-06-16 03:20:00,,
129P04466,2020-06-16 03:30:00,73.00,28.38
129P04466,2020-06-16 03:40:00,73.00,49.25
129P04466,2020-06-16 03:50:00,,
129P04466,2020-06-16 04:00:00,66.94,78.75
129P04466,2020-06-16 04:10:00,68.00,73.60
129P04466,2020-06-16 04:20:00,64.34,64.50
129P04466,2020-06-16 04:30:00,67.01,81.10
129P04466,2020-06-16 04:40:00,69.72,74.30
129P04466,2020-06-16 04:50:00,72.37,66.80
129P04466,2020-06-16 05:00:00,68.94,90.60
129P04466,2020-06-16 05:10:00,70.62,69.20
129P04466,2020-06-16 05:20:00,75.12,55.40
129P04466,2020-06-16 05:30:00,71.35,99.30
129P04466,2020-06-16 05:40:00,70.51,84.30
129P04466,2020-06-16 05:50:00,65.16,47.10
129P04466,2020-06-16 06:00:00,62.97,68.60
129P04466,2020-06-16 06:10:00,68.51,95.40
129P04466,2020-06-16 06:20:00,66.54,100.00
129P04466,2020-06-16 06:30:00,63.19,93.30
129P04466,2020-06-16 06:40:00,64.96,100.00
129P04466,2020-06-16 06:50:00,62.56,95.10
129P04466,2020-06-16 07:00:00,64.59,100.00
129P04466,2020-06-16 07:10:00,65.57,100.00
129P04466,2020-06-16 07:20:00,64.14,100.00
129P04466,2020-06-16 07:30:00,64.39,100.00
129P04466,2020-06-16 07:40:00,63.98,100.00
129P04466,2020-06-16 07:50:00,69.70,67.40
129P04466,2020-06-16 08:00:00,61.43,100.00
129P04466,2020-06-16 08:10:00,59.56,100.00
129P04466,2020-06-16 08:20:00,58.52,87.60
129P04466,2020-06-16 08:30:00,58.57,92.80
129P04466,2020-06-16 08:40:00,62.94,94.90
129P04466,2020-06-16 08:50:00,64.16,67.90
129P04466,2020-06-16 09:00:00,58.16,82.00
129P04466,2020-06-16 09:10:00,59.47,100.00
129P04466,2020-06-16 09:20:00,56.29,77.70
129P04466,2020-06-16 09:30:00,59.25,90.50
129P04466,2020-06-16 09:40:00,59.14,98.10
129P04466,2020-06-16 09:50:00,61.19,100.00
129P04466,2020-06-16 10:00:00,60.55,100.00
129P04466,2020-06-16 10:10:00,64.85,100.00
129P04466,2020-06-16 10:20:00,57.37,89.80
129P04466,2020-06-16 10:30:00,59.70,97.50
129P04466,2020-06-16 10:40:00,59.33,93.70
129P04466,2020-06-16 10:50:00,59.98,100.00
129P04466,2020-06-16 11:00:00,59.98,100.00
129P04466,2020-06-16 11:10:00,61.00,100.00
129P04466,2020-06-16 11:20:00,65.75,92.10
129P04466,2020-06-16 11:30:00,66.77,94.90
129P04466,2020-06-16 11:40:00,61.69,85.90
129P04466,2020-06-16 11:50:00,62.83,92.60
129P04466,2020-06-16 12:00:00,67.27,75.40
129P04466,2020-06-16 12:10:00,64.10,94.80
129P04466,2020-06-16 12:20:00,61.22,89.20
129P04466,2020-06-16 12:30:00,61.24,94.90
129P04466,2020-06-16 12:40:00,63.35,100.00
129P04466,2020-06-16 12:50:00,63.33,100.00
129P04466,2020-06-16 13:00:00,61.18,100.00
129P04466,2020-06-16 13:10:00,63.19,100.00
129P04466,2020-06-16 13:20:00,65.59,100.00
129P04466,2020-06-16 13:30:00,65.52,90.00
129P04466,2020-06-16 13:40:00,63.53,96.90
129P04466,2020-06-16 13:50:00,65.38,81.00
129P04466,2020-06-16 14:00:00,65.79,83.50
129P04466,2020-06-16 14:10:00,65.17,96.90
129P04466,2020-06-16 14:20:00,65.98,97.40
129P04466,2020-06-16 14:30:00,68.51,85.10
129P04466,2020-06-16 14:40:00,66.78,99.80
129P04466,2020-06-16 14:50:00,62.79,100.00
129P04466,2020-06-16 15:00:00,63.98,100.00
129P04466,2020-06-16 15:10:00,65.34,84.70
129P04466,2020-06-16 15:20:00,62.59,100.00
129P04466,2020-06-16 15:30:00,68.79,57.70
129P04466,2020-06-16 15:40:00,63.90,95.80
129P04466,2020-06-16 15:50:00,66.57,100.00
129P04466,2020-06-16 16:00:00,64.79,100.00
129P04466,2020-06-16 16:10:00,66.17,100.00
129P04466,2020-06-16 16:20:00,67.58,94.00
129P04466,2020-06-16 16:30:00,62.79,85.20
129P04466,2020-06-16 16:40:00,64.95,100.00
129P04466,2020-06-16 16:50:00,66.57,100.00
129P04466,2020-06-16 17:00:00,67.79,100.00
129P04466,2020-06-16 17:10:00,69.37,100.00
129P04466,2020-06-16 17:20:00,68.19,100.00
129P04466,2020-06-16 17:30:00,67.47,91.30
129P04466,2020-06-16 17:40:00,69.39,98.30
129P04466,2020-06-16 17:50:00,70.05,86.40
129P04466,2020-06-16 18:00:00,66.91,98.60
129P04466,2020-06-16 18:10:00,67.39,99.60
129P04466,2020-06-16 18:20:00,68.12,97.70
129P04466,2020-06-16 18:30:00,65.75,99.40
129P04466,2020-06-16 18:40:00,79.96,13.20
129P04466,2020-06-16 18:50:00,67.48,66.40
129P04466,2020-06-16 19:00:00,58.00,32.33
129P04466,2020-06-16 19:10:00,63.08,89.20
129P04466,2020-06-16 19:20:00,64.98,100.00
129P04466,2020-06-16 19:30:00,63.65,97.40
129P04466,2020-06-16 19:40:00,63.61,99.11
129P04466,2020-06-16 19:50:00,65.28,100.00
129P04466,2020-06-16 20:00:00,64.37,98.70
129P04466,2020-06-16 20:10:00,64.58,95.60
129P04466,2020-06-16 20:20:00,69.34,100.00
129P04466,2020-06-16 20:30:00,68.97,100.00
129P04466,2020-06-16 20:40:00,67.99,100.00
129P04466,2020-06-16 20:50:00,67.59,100.00
129P04466,2020-06-16 21:00:00,71.11,87.00
129P04466,2020-06-16 21:10:00,71.72,91.30
129P04466,2020-06-16 21:20:00,63.51,100.00
129P04466,2020-06-16 21:30:00,62.68,100.00
129P04466,2020-06-16 21:40:00,64.57,96.60
129P04466,2020-06-16 21:50:00,65.19,100.00
129P04466,2020-06-16 22:00:00,65.00,100.00
129P04466,2020-06-16 22:10:00,61.00,100.00
129P04466,2020-06-16 22:20:00,60.11,100.00
129P04466,2020-06-16 22:30:00,60.20,100.00
129P04466,2020-06-16 22:40:00,69.79,54.40
129P04466,2020-06-16 22:50:00,72.16,33.80
129P04466,2020-06-16 23:00:00,66.20,85.22
129P04466,2020-06-16 23:10:00,66.16,97.10
129P04466,2020-06-16 23:20:00,65.74,86.00
129P04466,2020-06-16 23:30:00,65.00,80.25
129P04466,2020-06-16 23:40:00,,
129P04466,2020-06-16 23:50:00,75.00,
129P04444,2020-06-16 00:00:00,62.00,86.33
129P04444,2020-06-16 00:10:00,69.77,45.60
129P04444,2020-06-16 00:20:00,65.14,62.25
129P04444,2020-06-16 00:30:00,58.11,72.11
129P04444,2020-06-16 00:40:00,,
129P04444,2020-06-16 00:50:00,60.87,82.67
129P04444,2020-06-16 01:00:00,60.47,91.20
129P04444,2020-06-16 01:10:00,60.24,86.10
129P04444,2020-06-16 01:20:00,63.84,77.30
129P04444,2020-06-16 01:30:00,57.84,78.30
129P04444,2020-06-16 01:40:00,56.35,55.00
129P04444,2020-06-16 01:50:00,,
129P04444,2020-06-16 02:00:00,,
129P04444,2020-06-16 02:10:00,,
129P04444,2020-06-16 02:20:00,62.16,71.83
129P04444,2020-06-16 02:30:00,63.00,80.00
129P04444,2020-06-16 02:40:00,,
129P04444,2020-06-16 02:50:00,71.93,44.17
129P04444,2020-06-16 03:00:00,67.00,96.40
129P04444,2020-06-16 03:10:00,61.02,70.63
129P04444,2020-06-16 03:20:00,58.25,67.40
129P04444,2020-06-16 03:30:00,56.90,60.00
129P04444,2020-06-16 03:40:00,65.86,84.80
129P04444,2020-06-16 03:50:00,73.95,26.00
129P04444,2020-06-16 04:00:00,72.03,66.22
129P04444,2020-06-16 04:10:00,67.99,91.60
129P04444,2020-06-16 04:20:00,69.98,96.60
129P04444,2020-06-16 04:30:00,67.04,77.00
129P04444,2020-06-16 04:40:00,72.96,82.60
129P04444,2020-06-16 04:50:00,72.72,66.20
129P04444,2020-06-16 05:00:00,72.70,97.50
129P04444,2020-06-16 05:10:00,71.77,100.00
129P04444,2020-06-16 05:20:00,69.78,100.00
129P04444,2020-06-16 05:30:00,69.50,100.00
129P04444,2020-06-16 05:40:00,69.29,100.00
129P04444,2020-06-16 05:50:00,68.89,100.00
129P04444,2020-06-16 06:00:00,69.09,100.00
129P04444,2020-06-16 06:10:00,67.07,99.60
129P04444,2020-06-16 06:20:00,67.27,100.00
129P04444,2020-06-16 06:30:00,69.07,100.00
129P04444,2020-06-16 06:40:00,65.29,100.00
129P04444,2020-06-16 06:50:00,66.37,100.00
129P04444,2020-06-16 07:00:00,67.90,100.00
129P04444,2020-06-16 07:10:00,65.95,98.90
129P04444,2020-06-16 07:20:00,69.87,100.00
129P04444,2020-06-16 07:30:00,69.09,100.00
129P04444,2020-06-16 07:40:00,64.79,100.00
129P04444,2020-06-16 07:50:00,64.84,100.00
129P04444,2020-06-16 08:00:00,68.57,100.00
129P04444,2020-06-16 08:10:00,67.62,98.40
129P04444,2020-06-16 08:20:00,57.60,100.00
129P04444,2020-06-16 08:30:00,35.68,100.00
129P04444,2020-06-16 08:40:00,55.04,100.00
129P04444,2020-06-16 08:50:00,65.99,100.00
129P04444,2020-06-16 09:00:00,68.96,95.20
129P04444,2020-06-16 09:10:00,63.37,100.00
129P04444,2020-06-16 09:20:00,68.25,94.00
129P04444,2020-06-16 09:30:00,69.87,93.10
129P04444,2020-06-16 09:40:00,65.46,99.60
129P04444,2020-06-16 09:50:00,65.18,100.00
129P04444,2020-06-16 10:00:00,63.88,100.00
129P04444,2020-06-16 10:10:00,67.07,99.80
129P04444,2020-06-16 10:20:00,62.54,99.80
129P04444,2020-06-16 10:30:00,63.88,99.20
129P04444,2020-06-16 10:40:00,64.08,100.00
129P04444,2020-06-16 10:50:00,66.27,100.00
129P04444,2020-06-16 11:00:00,68.67,100.00
129P04444,2020-06-16 11:10:00,66.67,100.00
129P04444,2020-06-16 11:20:00,65.60,100.00
129P04444,2020-06-16 11:30:00,61.99,100.00
129P04444,2020-06-16 11:40:00,51.93,100.00
129P04444,2020-06-16 11:50:00,60.00,100.00
129P04444,2020-06-16 12:00:00,63.17,100.00
129P04444,2020-06-16 12:10:00,63.38,100.00
129P04444,2020-06-16 12:20:00,67.56,98.40
129P04444,2020-06-16 12:30:00,68.37,98.20
129P04444,2020-06-16 12:40:00,68.08,83.10
129P04444,2020-06-16 12:50:00,63.48,98.30
129P04444,2020-06-16 13:00:00,66.76,91.40
129P04444,2020-06-16 13:10:00,66.38,100.00
129P04444,2020-06-16 13:20:00,61.48,100.00
129P04444,2020-06-16 13:30:00,64.22,100.00
129P04444,2020-06-16 13:40:00,66.05,99.70
129P04444,2020-06-16 13:50:00,69.39,94.90
129P04444,2020-06-16 14:00:00,66.43,99.20
129P04444,2020-06-16 14:10:00,62.99,100.00
129P04444,2020-06-16 14:20:00,64.38,100.00
129P04444,2020-06-16 14:30:00,67.39,100.00
129P04444,2020-06-16 14:40:00,66.47,100.00
129P04444,2020-06-16 14:50:00,64.79,100.00
129P04444,2020-06-16 15:00:00,67.19,100.00
129P04444,2020-06-16 15:10:00,66.88,100.00
129P04444,2020-06-16 15:20:00,63.27,100.00
129P04444,2020-06-16 15:30:00,63.87,100.00
129P04444,2020-06-16 15:40:00,62.70,99.00
129P04444,2020-06-16 15:50:00,64.07,100.00
129P04444,2020-06-16 16:00:00,64.74,100.00
129P04444,2020-06-16 16:10:00,65.85,99.20
129P04444,2020-06-16 16:20:00,64.19,97.50
129P04444,2020-06-16 16:30:00,63.68,100.00
129P04444,2020-06-16 16:40:00,66.47,100.00
129P04444,2020-06-16 16:50:00,67.07,100.00
129P04444,2020-06-16 17:00:00,65.78,100.00
129P04444,2020-06-16 17:10:00,66.56,100.00
129P04444,2020-06-16 17:20:00,65.28,100.00
129P04444,2020-06-16 17:30:00,68.57,100.00
129P04444,2020-06-16 17:40:00,67.76,99.40
129P04444,2020-06-16 17:50:00,68.54,90.70
129P04444,2020-06-16 18:00:00,69.48,100.00
129P04444,2020-06-16 18:10:00,70.28,90.50
129P04444,2020-06-16 18:20:00,64.86,100.00
129P04444,2020-06-16 18:30:00,63.49,100.00
129P04444,2020-06-16 18:40:00,66.07,99.40
129P04444,2020-06-16 18:50:00,64.50,100.00
129P04444,2020-06-16 19:00:00,68.65,85.00
129P04444,2020-06-16 19:10:00,67.96,88.40
129P04444,2020-06-16 19:20:00,65.87,100.00
129P04444,2020-06-16 19:30:00,61.26,100.00
129P04444,2020-06-16 19:40:00,63.92,100.00
129P04444,2020-06-16 19:50:00,64.78,100.00
129P04444,2020-06-16 20:00:00,62.33,90.70
129P04444,2020-06-16 20:10:00,66.50,97.40
129P04444,2020-06-16 20:20:00,63.74,96.40
129P04444,2020-06-16 20:30:00,64.05,94.40
129P04444,2020-06-16 20:40:00,64.73,99.00
129P04444,2020-06-16 20:50:00,62.78,100.00
129P04444,2020-06-16 21:00:00,66.52,100.00
129P04444,2020-06-16 21:10:00,70.35,76.60
129P04444,2020-06-16 21:20:00,64.37,88.30
129P04444,2020-06-16 21:30:00,63.47,97.40
129P04444,2020-06-16 21:40:00,61.99,100.00
129P04444,2020-06-16 21:50:00,60.42,92.70
129P04444,2020-06-16 22:00:00,68.00,87.40
129P04444,2020-06-16 22:10:00,64.83,95.30
129P04444,2020-06-16 22:20:00,61.06,98.80
129P04444,2020-06-16 22:30:00,66.24,68.40
129P04444,2020-06-16 22:40:00,67.01,89.40
129P04444,2020-06-16 22:50:00,63.79,99.50
129P04444,2020-06-16 23:00:00,66.19,89.40
129P04444,2020-06-16 23:10:00,68.75,81.60
129P04444,2020-06-16 23:20:00,72.20,55.56
129P04444,2020-06-16 23:30:00,72.89,38.30
129P04444,2020-06-16 23:40:00,64.17,25.80
129P04444,2020-06-16 23:50:00,63.80,60.40
129+04447,2020-06-16 00:00:00,70.66,83.90
129+04447,2020-06-16 00:10:00,71.12,78.60
129+04447,2020-06-16 00:20:00,67.00,72.90
129+04447,2020-06-16 00:30:00,67.40,92.20
129+04447,2020-06-16 00:40:00,68.00,94.67
129+04447,2020-06-16 00:50:00,68.87,92.50
129+04447,2020-06-16 01:00:00,70.59,75.29
129+04447,2020-06-16 01:10:00,67.08,87.11
129+04447,2020-06-16 01:20:00,65.62,85.25
129+04447,2020-06-16 01:30:00,65.49,88.50
129+04447,2020-06-16 01:40:00,70.38,66.00
129+04447,2020-06-16 01:50:00,74.41,41.44
129+04447,2020-06-16 02:00:00,68.90,93.60
129+04447,2020-06-16 02:10:00,67.25,92.50
129+04447,2020-06-16 02:20:00,67.00,79.50
129+04447,2020-06-16 02:30:00,66.00,72.29
129+04447,2020-06-16 02:40:00,,
129+04447,2020-06-16 02:50:00,68.24,85.90
129+04447,2020-06-16 03:00:00,70.15,81.30
129+04447,2020-06-16 03:10:00,71.57,79.70
129+04447,2020-06-16 03:20:00,67.08,85.10
129+04447,2020-06-16 03:30:00,65.00,72.43
129+04447,2020-06-16 03:40:00,73.56,63.11
129+04447,2020-06-16 03:50:00,74.75,63.20
129+04447,2020-06-16 04:00:00,77.73,55.70
129+04447,2020-06-16 04:10:00,74.38,93.70
129+04447,2020-06-16 04:20:00,74.38,100.00
129+04447,2020-06-16 04:30:00,73.18,96.80
129+04447,2020-06-16 04:40:00,74.07,91.50
129+04447,2020-06-16 04:50:00,71.97,99.80
129+04447,2020-06-16 05:00:00,73.87,100.00
129+04447,2020-06-16 05:10:00,75.49,100.00
129+04447,2020-06-16 05:20:00,73.09,100.00
129+04447,2020-06-16 05:30:00,71.79,100.00
129+04447,2020-06-16 05:40:00,70.30,100.00
129+04447,2020-06-16 05:50:00,72.84,100.00
129+04447,2020-06-16 06:00:00,73.48,100.00
129+04447,2020-06-16 06:10:00,70.89,100.00
129+04447,2020-06-16 06:20:00,70.50,100.00
129+04447,2020-06-16 06:30:00,69.88,100.00
129+04447,2020-06-16 06:40:00,73.29,100.00
129+04447,2020-06-16 06:50:00,72.38,100.00
129+04447,2020-06-16 07:00:00,71.79,100.00
129+04447,2020-06-16 07:10:00,71.49,100.00
129+04447,2020-06-16 07:20:00,71.88,100.00
129+04447,2020-06-16 07:30:00,69.60,100.00
129+04447,2020-06-16 07:40:00,69.69,100.00
129+04447,2020-06-16 07:50:00,70.40,100.00
129+04447,2020-06-16 08:00:00,71.99,100.00
129+04447,2020-06-16 08:10:00,71.88,100.00
129+04447,2020-06-16 08:20:00,72.59,100.00
129+04447,2020-06-16 08:30:00,72.05,100.00
129+04447,2020-06-16 08:40:00,71.18,100.00
129+04447,2020-06-16 08:50:00,72.97,100.00
129+04447,2020-06-16 09:00:00,73.79,100.00
129+04447,2020-06-16 09:10:00,68.65,100.00
129+04447,2020-06-16 09:20:00,44.50,100.00
129+04447,2020-06-16 09:30:00,33.25,100.00
129+04447,2020-06-16 09:40:00,38.56,100.00
129+04447,2020-06-16 09:50:00,63.82,100.00
129+04447,2020-06-16 10:00:00,72.19,100.00
129+04447,2020-06-16 10:10:00,70.70,100.00
129+04447,2020-06-16 10:20:00,70.39,100.00
129+04447,2020-06-16 10:30:00,69.49,100.00
129+04447,2020-06-16 10:40:00,70.71,100.00
129+04447,2020-06-16 10:50:00,71.39,100.00
129+04447,2020-06-16 11:00:00,73.03,99.60
129+04447,2020-06-16 11:10:00,74.51,100.00
129+04447,2020-06-16 11:20:00,72.03,100.00
129+04447,2020-06-16 11:30:00,70.59,100.00
129+04447,2020-06-16 11:40:00,70.70,100.00
129+04447,2020-06-16 11:50:00,73.36,94.60
129+04447,2020-06-16 12:00:00,71.11,90.70
129+04447,2020-06-16 12:10:00,72.06,100.00
129+04447,2020-06-16 12:20:00,71.94,100.00
129+04447,2020-06-16 12:30:00,70.27,100.00
129+04447,2020-06-16 12:40:00,68.20,100.00
129+04447,2020-06-16 12:50:00,59.58,100.00
129+04447,2020-06-16 13:00:00,61.94,100.00
129+04447,2020-06-16 13:10:00,67.74,100.00
129+04447,2020-06-16 13:20:00,73.84,100.00
129+04447,2020-06-16 13:30:00,69.69,100.00
129+04447,2020-06-16 13:40:00,71.78,100.00
129+04447,2020-06-16 13:50:00,67.78,100.00
129+04447,2020-06-16 14:00:00,69.17,100.00
129+04447,2020-06-16 14:10:00,69.29,100.00
129+04447,2020-06-16 14:20:00,69.50,100.00
129+04447,2020-06-16 14:30:00,69.59,100.00
129+04447,2020-06-16 14:40:00,72.18,100.00
129+04447,2020-06-16 14:50:00,72.40,100.00
129+04447,2020-06-16 15:00:00,74.08,100.00
129+04447,2020-06-16 15:10:00,70.86,100.00
129+04447,2020-06-16 15:20:00,70.61,100.00
129+04447,2020-06-16 15:30:00,72.09,100.00
129+04447,2020-06-16 15:40:00,72.90,100.00
129+04447,2020-06-16 15:50:00,71.59,100.00
129+04447,2020-06-16 16:00:00,74.28,100.00
129+04447,2020-06-16 16:10:00,70.66,100.00
129+04447,2020-06-16 16:20:00,74.09,98.90
129+04447,2020-06-16 16:30:00,74.18,100.00
129+04447,2020-06-16 16:40:00,72.19,100.00
129+04447,2020-06-16 16:50:00,70.78,100.00
129+04447,2020-06-16 17:00:00,71.39,100.00
129+04447,2020-06-16 17:10:00,72.78,100.00
129+04447,2020-06-16 17:20:00,73.39,100.00
129+04447,2020-06-16 17:30:00,74.79,100.00
129+04447,2020-06-16 17:40:00,76.08,97.00
129+04447,2020-06-16 17:50:00,73.49,100.00
129+04447,2020-06-16 18:00:00,74.13,100.00
129+04447,2020-06-16 18:10:00,77.58,93.00
129+04447,2020-06-16 18:20:00,74.68,100.00
129+04447,2020-06-16 18:30:00,73.78,100.00
129+04447,2020-06-16 18:40:00,70.86,100.00
129+04447,2020-06-16 18:50:00,73.17,95.50
129+04447,2020-06-16 19:00:00,73.89,88.67
129+04447,2020-06-16 19:10:00,74.07,97.50
129+04447,2020-06-16 19:20:00,76.34,85.80
129+04447,2020-06-16 19:30:00,71.96,100.00
129+04447,2020-06-16 19:40:00,71.69,100.00
129+04447,2020-06-16 19:50:00,69.79,100.00
129+04447,2020-06-16 20:00:00,74.25,98.60
129+04447,2020-06-16 20:10:00,74.94,91.60
129+04447,2020-06-16 20:20:00,73.81,82.80
129+04447,2020-06-16 20:30:00,67.39,79.70
129+04447,2020-06-16 20:40:00,69.96,98.30
129+04447,2020-06-16 20:50:00,73.10,84.80
129+04447,2020-06-16 21:00:00,74.67,100.00
129+04447,2020-06-16 21:10:00,73.97,97.90
129+04447,2020-06-16 21:20:00,70.69,100.00
129+04447,2020-06-16 21:30:00,68.48,100.00
129+04447,2020-06-16 21:40:00,76.15,65.40
129+04447,2020-06-16 21:50:00,75.19,80.40
129+04447,2020-06-16 22:00:00,71.64,97.20
129+04447,2020-06-16 22:10:00,67.70,100.00
129+04447,2020-06-16 22:20:00,68.65,95.30
129+04447,2020-06-16 22:30:00,70.65,96.60
129+04447,2020-06-16 22:40:00,72.66,75.70
129+04447,2020-06-16 22:50:00,68.29,100.00
129+04447,2020-06-16 23:00:00,64.23,53.90
129+04447,2020-06-16 23:10:00,62.20,38.60
129+04447,2020-06-16 23:20:00,73.99,48.75
129+04447,2020-06-16 23:30:00,74.24,45.10
129+04447,2020-06-16 23:40:00,77.80,40.90
129+04447,2020-06-16 23:50:00,68.50,77.25
129+04469,2020-06-16 00:00:00,64.23,54.22
129+04469,2020-06-16 00:10:00,71.45,45.50
129+04469,2020-06-16 00:20:00,63.22,69.60
129+04469,2020-06-16 00:30:00,60.00,53.00
129+04469,2020-06-16 00:40:00,,
129+04469,2020-06-16 00:50:00,63.66,78.50
129+04469,2020-06-16 01:00:00,62.42,88.29
129+04469,2020-06-16 01:10:00,63.00,94.00
129+04469,2020-06-16 01:20:00,61.17,87.70
129+04469,2020-06-16 01:30:00,62.54,71.00
129+04469,2020-06-16 01:40:00,68.00,61.78
129+04469,2020-06-16 01:50:00,,
129+04469,2020-06-16 02:00:00,,
129+04469,2020-06-16 02:10:00,,
129+04469,2020-06-16 02:20:00,,
129+04469,2020-06-16 02:30:00,59.15,82.50
129+04469,2020-06-16 02:40:00,59.16,99.67
129+04469,2020-06-16 02:50:00,,
129+04469,2020-06-16 03:00:00,66.00,60.75
129+04469,2020-06-16 03:10:00,65.83,71.67
129+04469,2020-06-16 03:20:00,,
129+04469,2020-06-16 03:30:00,68.56,81.14
129+04469,2020-06-16 03:40:00,66.17,89.38
129+04469,2020-06-16 03:50:00,63.22,89.00
129+04469,2020-06-16 04:00:00,70.24,56.38
129+04469,2020-06-16 04:10:00,74.59,41.20
129+04469,2020-06-16 04:20:00,74.56,50.70
129+04469,2020-06-16 04:30:00,71.69,92.50
129+04469,2020-06-16 04:40:00,73.06,87.10
129+04469,2020-06-16 04:50:00,74.39,97.00
129+04469,2020-06-16 05:00:00,73.29,100.00
129+04469,2020-06-16 05:10:00,72.16,93.70
129+04469,2020-06-16 05:20:00,74.47,96.30
129+04469,2020-06-16 05:30:00,72.18,99.60
129+04469,2020-06-16 05:40:00,74.18,100.00
129+04469,2020-06-16 05:50:00,73.47,99.90
129+04469,2020-06-16 06:00:00,70.79,97.60
129+04469,2020-06-16 06:10:00,70.58,100.00
129+04469,2020-06-16 06:20:00,71.58,99.90
129+04469,2020-06-16 06:30:00,70.88,98.70
129+04469,2020-06-16 06:40:00,69.99,100.00
129+04469,2020-06-16 06:50:00,69.77,100.00
129+04469,2020-06-16 07:00:00,72.39,99.30
129+04469,2020-06-16 07:10:00,70.59,100.00
129+04469,2020-06-16 07:20:00,70.19,100.00
129+04469,2020-06-16 07:30:00,71.18,100.00
129+04469,2020-06-16 07:40:00,69.99,100.00
129+04469,2020-06-16 07:50:00,70.59,99.90
129+04469,2020-06-16 08:00:00,70.60,99.60
129+04469,2020-06-16 08:10:00,70.29,98.80
129+04469,2020-06-16 08:20:00,68.67,100.00
129+04469,2020-06-16 08:30:00,71.09,96.70
129+04469,2020-06-16 08:40:00,66.94,99.50
129+04469,2020-06-16 08:50:00,70.17,94.20
129+04469,2020-06-16 09:00:00,66.99,100.00
129+04469,2020-06-16 09:10:00,67.45,99.80
129+04469,2020-06-16 09:20:00,68.34,100.00
129+04469,2020-06-16 09:30:00,67.89,100.00
129+04469,2020-06-16 09:40:00,68.99,98.00
129+04469,2020-06-16 09:50:00,69.69,99.90
129+04469,2020-06-16 10:00:00,69.49,100.00
129+04469,2020-06-16 10:10:00,69.37,96.60
129+04469,2020-06-16 10:20:00,67.99,100.00
129+04469,2020-06-16 10:30:00,66.09,100.00
129+04469,2020-06-16 10:40:00,68.57,96.60
129+04469,2020-06-16 10:50:00,69.38,99.60
129+04469,2020-06-16 11:00:00,67.78,98.40
129+04469,2020-06-16 11:10:00,67.48,97.80
129+04469,2020-06-16 11:20:00,69.27,97.60
129+04469,2020-06-16 11:30:00,68.08,100.00
129+04469,2020-06-16 11:40:00,68.49,99.90
129+04469,2020-06-16 11:50:00,69.08,97.10
129+04469,2020-06-16 12:00:00,73.55,64.90
129+04469,2020-06-16 12:10:00,72.04,80.10
129+04469,2020-06-16 12:20:00,67.60,100.00
129+04469,2020-06-16 12:30:00,66.38,100.00
129+04469,2020-06-16 12:40:00,70.28,99.60
129+04469,2020-06-16 12:50:00,69.67,98.60
129+04469,2020-06-16 13:00:00,68.88,99.60
129+04469,2020-06-16 13:10:00,69.57,96.80
129+04469,2020-06-16 13:20:00,69.37,97.30
129+04469,2020-06-16 13:30:00,71.38,96.70
129+04469,2020-06-16 13:40:00,70.60,100.00
129+04469,2020-06-16 13:50:00,70.68,97.50
129+04469,2020-06-16 14:00:00,72.50,93.10
129+04469,2020-06-16 14:10:00,70.64,95.00
129+04469,2020-06-16 14:20:00,73.99,89.70
129+04469,2020-06-16 14:30:00,73.09,99.40
129+04469,2020-06-16 14:40:00,71.78,99.60
129+04469,2020-06-16 14:50:00,68.10,100.00
129+04469,2020-06-16 15:00:00,70.29,97.30
129+04469,2020-06-16 15:10:00,68.68,100.00
129+04469,2020-06-16 15:20:00,66.88,96.80
129+04469,2020-06-16 15:30:00,71.14,92.50
129+04469,2020-06-16 15:40:00,70.19,100.00
129+04469,2020-06-16 15:50:00,71.18,100.00
129+04469,2020-06-16 16:00:00,68.60,100.00
129+04469,2020-06-16 16:10:00,69.99,99.30
129+04469,2020-06-16 16:20:00,70.89,99.30
129+04469,2020-06-16 16:30:00,69.79,100.00
129+04469,2020-06-16 16:40:00,71.79,100.00
129+04469,2020-06-16 16:50:00,71.09,99.70
129+04469,2020-06-16 17:00:00,71.99,100.00
129+04469,2020-06-16 17:10:00,72.39,100.00
129+04469,2020-06-16 17:20:00,72.18,100.00
129+04469,2020-06-16 17:30:00,74.49,100.00
129+04469,2020-06-16 17:40:00,73.07,99.90
129+04469,2020-06-16 17:50:00,72.44,99.90
129+04469,2020-06-16 18:00:00,70.79,100.00
129+04469,2020-06-16 18:10:00,72.08,99.80
129+04469,2020-06-16 18:20:00,70.64,97.80
129+04469,2020-06-16 18:30:00,70.47,98.50
129+04469,2020-06-16 18:40:00,72.72,93.60
129+04469,2020-06-16 18:50:00,72.14,92.90
129+04469,2020-06-16 19:00:00,70.22,100.00
129+04469,2020-06-16 19:10:00,66.98,100.00
129+04469,2020-06-16 19:20:00,70.08,100.00
129+04469,2020-06-16 19:30:00,71.29,100.00
129+04469,2020-06-16 19:40:00,71.02,95.40
129+04469,2020-06-16 19:50:00,73.62,96.60
129+04469,2020-06-16 20:00:00,70.87,99.60
129+04469,2020-06-16 20:10:00,69.64,98.00
129+04469,2020-06-16 20:20:00,69.94,96.00
129+04469,2020-06-16 20:30:00,70.20,100.00
129+04469,2020-06-16 20:40:00,69.06,100.00
129+04469,2020-06-16 20:50:00,70.97,97.10
129+04469,2020-06-16 21:00:00,73.39,81.40
129+04469,2020-06-16 21:10:00,72.39,88.70
129+04469,2020-06-16 21:20:00,67.76,90.30
129+04469,2020-06-16 21:30:00,66.89,100.00
129+04469,2020-06-16 21:40:00,68.48,95.90
129+04469,2020-06-16 21:50:00,66.09,93.50
129+04469,2020-06-16 22:00:00,63.20,99.10
129+04469,2020-06-16 22:10:00,65.44,95.50
129+04469,2020-06-16 22:20:00,70.32,64.00
129+04469,2020-06-16 22:30:00,67.79,100.00
129+04469,2020-06-16 22:40:00,70.91,69.00
129+04469,2020-06-16 22:50:00,74.37,53.70
129+04469,2020-06-16 23:00:00,71.62,88.78
129+04469,2020-06-16 23:10:00,69.42,55.60
129+04469,2020-06-16 23:20:00,73.32,49.30
129+04469,2020-06-16 23:30:00,62.49,40.40
129+04469,2020-06-16 23:40:00,62.00,37.00
129+04469,2020-06-16 23:50:00,,
129+04448,2020-06-16 00:00:00,66.71,71.10
129+04448,2020-06-16 00:10:00,71.16,53.17
129+04448,2020-06-16 00:20:00,56.73,71.44
129+04448,2020-06-16 00:30:00,57.67,84.56
129+04448,2020-06-16 00:40:00,67.09,84.10
129+04448,2020-06-16 00:50:00,63.60,96.71
129+04448,2020-06-16 01:00:00,64.00,96.50
129+04448,2020-06-16 01:10:00,60.00,92.30
129+04448,2020-06-16 01:20:00,64.29,94.43
129+04448,2020-06-16 01:30:00,63.98,98.40
129+04448,2020-06-16 01:40:00,64.70,92.75
129+04448,2020-06-16 01:50:00,62.98,89.20
129+04448,2020-06-16 02:00:00,62.53,87.30
129+04448,2020-06-16 02:10:00,65.59,97.00
129+04448,2020-06-16 02:20:00,,
129+04448,2020-06-16 02:30:00,67.11,89.56
129+04448,2020-06-16 02:40:00,65.98,88.50
129+04448,2020-06-16 02:50:00,58.58,65.25
129+04448,2020-06-16 03:00:00,67.89,80.60
129+04448,2020-06-16 03:10:00,71.39,64.60
129+04448,2020-06-16 03:20:00,67.37,90.70
129+04448,2020-06-16 03:30:00,65.80,93.00
129+04448,2020-06-16 03:40:00,66.71,78.50
129+04448,2020-06-16 03:50:00,68.73,90.50
129+04448,2020-06-16 04:00:00,72.32,63.00
129+04448,2020-06-16 04:10:00,71.58,80.30
129+04448,2020-06-16 04:20:00,73.19,88.80
129+04448,2020-06-16 04:30:00,77.08,76.30
129+04448,2020-06-16 04:40:00,72.73,76.90
129+04448,2020-06-16 04:50:00,71.78,99.90
129+04448,2020-06-16 05:00:00,71.10,100.00
129+04448,2020-06-16 05:10:00,71.80,100.00
129+04448,2020-06-16 05:20:00,70.17,100.00
129+04448,2020-06-16 05:30:00,68.69,100.00
129+04448,2020-06-16 05:40:00,68.30,100.00
129+04448,2020-06-16 05:50:00,68.55,100.00
129+04448,2020-06-16 06:00:00,73.78,100.00
129+04448,2020-06-16 06:10:00,69.87,100.00
129+04448,2020-06-16 06:20:00,69.09,100.00
129+04448,2020-06-16 06:30:00,70.27,100.00
129+04448,2020-06-16 06:40:00,70.10,100.00
129+04448,2020-06-16 06:50:00,70.29,100.00
129+04448,2020-06-16 07:00:00,70.87,100.00
129+04448,2020-06-16 07:10:00,69.77,100.00
129+04448,2020-06-16 07:20:00,68.99,100.00
129+04448,2020-06-16 07:30:00,68.00,100.00
129+04448,2020-06-16 07:40:00,67.68,100.00
129+04448,2020-06-16 07:50:00,66.00,100.00
129+04448,2020-06-16 08:00:00,68.67,100.00
129+04448,2020-06-16 08:10:00,68.00,100.00
129+04448,2020-06-16 08:20:00,71.67,100.00
129+04448,2020-06-16 08:30:00,70.10,100.00
129+04448,2020-06-16 08:40:00,66.69,100.00
129+04448,2020-06-16 08:50:00,67.06,100.00
129+04448,2020-06-16 09:00:00,69.68,100.00
129+04448,2020-06-16 09:10:00,68.79,100.00
129+04448,2020-06-16 09:20:00,67.69,100.00
129+04448,2020-06-16 09:30:00,66.49,100.00
129+04448,2020-06-16 09:40:00,57.32,100.00
129+04448,2020-06-16 09:50:00,36.94,100.00
129+04448,2020-06-16 10:00:00,27.82,100.00
129+04448,2020-06-16 10:10:00,47.54,100.00
129+04448,2020-06-16 10:20:00,67.99,100.00
129+04448,2020-06-16 10:30:00,66.47,100.00
129+04448,2020-06-16 10:40:00,66.20,100.00
129+04448,2020-06-16 10:50:00,67.60,100.00
129+04448,2020-06-16 11:00:00,68.49,100.00
129+04448,2020-06-16 11:10:00,70.17,100.00
129+04448,2020-06-16 11:20:00,69.87,100.00
129+04448,2020-06-16 11:30:00,68.85,100.00
129+04448,2020-06-16 11:40:00,68.64,100.00
129+04448,2020-06-16 11:50:00,70.89,100.00
129+04448,2020-06-16 12:00:00,69.36,100.00
129+04448,2020-06-16 12:10:00,68.64,100.00
129+04448,2020-06-16 12:20:00,71.25,100.00
129+04448,2020-06-16 12:30:00,71.42,100.00
129+04448,2020-06-16 12:40:00,67.09,100.00
129+04448,2020-06-16 12:50:00,68.37,100.00
129+04448,2020-06-16 13:00:00,66.79,100.00
129+04448,2020-06-16 13:10:00,70.19,100.00
129+04448,2020-06-16 13:20:00,70.29,100.00
129+04448,2020-06-16 13:30:00,68.48,100.00
129+04448,2020-06-16 13:40:00,67.70,100.00
129+04448,2020-06-16 13:50:00,68.38,100.00
129+04448,2020-06-16 14:00:00,55.12,100.00
129+04448,2020-06-16 14:10:00,41.35,100.00
129+04448,2020-06-16 14:20:00,56.16,100.00
129+04448,2020-06-16 14:30:00,65.70,100.00
129+04448,2020-06-16 14:40:00,67.75,100.00
129+04448,2020-06-16 14:50:00,70.99,100.00
129+04448,2020-06-16 15:00:00,69.58,100.00
129+04448,2020-06-16 15:10:00,68.84,100.00
129+04448,2020-06-16 15:20:00,68.66,100.00
129+04448,2020-06-16 15:30:00,69.59,100.00
129+04448,2020-06-16 15:40:00,69.90,100.00
129+04448,2020-06-16 15:50:00,68.39,100.00
129+04448,2020-06-16 16:00:00,67.98,100.00
129+04448,2020-06-16 16:10:00,68.59,100.00
129+04448,2020-06-16 16:20:00,66.99,100.00
129+04448,2020-06-16 16:30:00,70.77,100.00
129+04448,2020-06-16 16:40:00,68.78,100.00
129+04448,2020-06-16 16:50:00,68.43,100.00
129+04448,2020-06-16 17:00:00,68.97,100.00
129+04448,2020-06-16 17:10:00,70.28,100.00
129+04448,2020-06-16 17:20:00,69.05,100.00
129+04448,2020-06-16 17:30:00,70.86,100.00
129+04448,2020-06-16 17:40:00,69.99,100.00
129+04448,2020-06-16 17:50:00,71.49,100.00
129+04448,2020-06-16 18:00:00,70.47,100.00
129+04448,2020-06-16 18:10:00,71.99,100.00
129+04448,2020-06-16 18:20:00,72.75,100.00
129+04448,2020-06-16 18:30:00,69.27,100.00
129+04448,2020-06-16 18:40:00,68.38,100.00
129+04448,2020-06-16 18:50:00,70.18,99.60
129+04448,2020-06-16 19:00:00,73.42,69.67
129+04448,2020-06-16 19:10:00,73.39,97.40
129+04448,2020-06-16 19:20:00,73.10,98.60
129+04448,2020-06-16 19:30:00,71.34,100.00
129+04448,2020-06-16 19:40:00,70.79,100.00
129+04448,2020-06-16 19:50:00,72.18,100.00
129+04448,2020-06-16 20:00:00,73.82,84.00
129+04448,2020-06-16 20:10:00,76.08,73.40
129+04448,2020-06-16 20:20:00,70.39,100.00
129+04448,2020-06-16 20:30:00,67.44,86.10
129+04448,2020-06-16 20:40:00,65.84,82.10
129+04448,2020-06-16 20:50:00,71.22,97.20
129+04448,2020-06-16 21:00:00,71.39,100.00
129+04448,2020-06-16 21:10:00,69.57,93.40
129+04448,2020-06-16 21:20:00,70.77,100.00
129+04448,2020-06-16 21:30:00,71.35,98.10
129+04448,2020-06-16 21:40:00,69.44,94.90
129+04448,2020-06-16 21:50:00,70.29,99.20
129+04448,2020-06-16 22:00:00,73.33,80.90
129+04448,2020-06-16 22:10:00,70.19,98.30
129+04448,2020-06-16 22:20:00,69.18,99.33
129+04448,2020-06-16 22:30:00,70.90,97.40
129+04448,2020-06-16 22:40:00,74.75,76.40
129+04448,2020-06-16 22:50:00,67.19,100.00
129+04448,2020-06-16 23:00:00,70.54,71.80
129+04448,2020-06-16 23:10:00,66.20,65.10
129+04448,2020-06-16 23:20:00,64.56,61.71
129+04448,2020-06-16 23:30:00,63.47,70.10
129+04448,2020-06-16 23:40:00,75.83,45.30
129+04448,2020-06-16 23:50:00,71.91,57.67
129+04449,2020-06-16 00:00:00,63.11,52.80
129+04449,2020-06-16 00:10:00,69.71,97.14
129+04449,2020-06-16 00:20:00,,
129+04449,2020-06-16 00:30:00,,
129+04449,2020-06-16 00:40:00,68.00,95.50
129+04449,2020-06-16 00:50:00,68.00,100.00
129+04449,2020-06-16 01:00:00,56.73,62.20
129+04449,2020-06-16 01:10:00,63.41,88.00
129+04449,2020-06-16 01:20:00,66.42,97.43
129+04449,2020-06-16 01:30:00,65.19,97.00
129+04449,2020-06-16 01:40:00,65.28,94.50
129+04449,2020-06-16 01:50:00,66.48,94.60
129+04449,2020-06-16 02:00:00,63.66,97.17
129+04449,2020-06-16 02:10:00,66.00,99.00
129+04449,2020-06-16 02:20:00,66.00,100.00
129+04449,2020-06-16 02:30:00,70.59,84.25
129+04449,2020-06-16 02:40:00,64.52,84.60
129+04449,2020-06-16 02:50:00,63.67,87.70
129+04449,2020-06-16 03:00:00,72.88,68.30
129+04449,2020-06-16 03:10:00,71.98,75.80
129+04449,2020-06-16 03:20:00,69.84,90.10
129+04449,2020-06-16 03:30:00,65.70,83.60
129+04449,2020-06-16 03:40:00,67.87,88.78
129+04449,2020-06-16 03:50:00,69.16,89.10
129+04449,2020-06-16 04:00:00,67.49,96.50
129+04449,2020-06-16 04:10:00,69.97,91.40
129+04449,2020-06-16 04:20:00,72.26,95.90
129+04449,2020-06-16 04:30:00,74.23,92.40
129+04449,2020-06-16 04:40:00,71.27,94.60
129+04449,2020-06-16 04:50:00,73.77,100.00
129+04449,2020-06-16 05:00:00,72.69,100.00
129+04449,2020-06-16 05:10:00,73.10,100.00
129+04449,2020-06-16 05:20:00,70.87,100.00
129+04449,2020-06-16 05:30:00,70.19,100.00
129+04449,2020-06-16 05:40:00,69.39,100.00
129+04449,2020-06-16 05:50:00,68.39,100.00
129+04449,2020-06-16 06:00:00,74.05,100.00
129+04449,2020-06-16 06:10:00,72.25,100.00
129+04449,2020-06-16 06:20:00,67.88,99.90
129+04449,2020-06-16 06:30:00,69.98,100.00
129+04449,2020-06-16 06:40:00,70.88,100.00
129+04449,2020-06-16 06:50:00,70.79,100.00
129+04449,2020-06-16 07:00:00,72.49,100.00
129+04449,2020-06-16 07:10:00,70.68,100.00
129+04449,2020-06-16 07:20:00,69.58,99.80
129+04449,2020-06-16 07:30:00,67.87,100.00
129+04449,2020-06-16 07:40:00,66.60,100.00
129+04449,2020-06-16 07:50:00,66.00,100.00
129+04449,2020-06-16 08:00:00,69.29,100.00
129+04449,2020-06-16 08:10:00,69.58,100.00
129+04449,2020-06-16 08:20:00,68.78,100.00
129+04449,2020-06-16 08:30:00,69.56,100.00
129+04449,2020-06-16 08:40:00,68.08,100.00
129+04449,2020-06-16 08:50:00,71.17,100.00
129+04449,2020-06-16 09:00:00,69.55,100.00
129+04449,2020-06-16 09:10:00,69.99,100.00
129+04449,2020-06-16 09:20:00,69.88,100.00
129+04449,2020-06-16 09:30:00,68.77,100.00
129+04449,2020-06-16 09:40:00,70.69,100.00
129+04449,2020-06-16 09:50:00,69.88,100.00
129+04449,2020-06-16 10:00:00,67.39,100.00
129+04449,2020-06-16 10:10:00,41.89,100.00
129+04449,2020-06-16 10:20:00,27.09,100.00
129+04449,2020-06-16 10:30:00,49.73,97.00
129+04449,2020-06-16 10:40:00,66.99,100.00
129+04449,2020-06-16 10:50:00,67.28,100.00
129+04449,2020-06-16 11:00:00,72.08,100.00
129+04449,2020-06-16 11:10:00,74.51,100.00
129+04449,2020-06-16 11:20:00,69.08,100.00
129+04449,2020-06-16 11:30:00,69.39,100.00
129+04449,2020-06-16 11:40:00,69.29,100.00
129+04449,2020-06-16 11:50:00,67.67,100.00
129+04449,2020-06-16 12:00:00,70.46,100.00
129+04449,2020-06-16 12:10:00,69.47,100.00
129+04449,2020-06-16 12:20:00,69.96,100.00
129+04449,2020-06-16 12:30:00,69.78,100.00
129+04449,2020-06-16 12:40:00,69.48,100.00
129+04449,2020-06-16 12:50:00,69.98,100.00
129+04449,2020-06-16 13:00:00,67.70,100.00
129+04449,2020-06-16 13:10:00,68.69,100.00
129+04449,2020-06-16 13:20:00,68.88,100.00
129+04449,2020-06-16 13:30:00,68.17,100.00
129+04449,2020-06-16 13:40:00,68.29,100.00
129+04449,2020-06-16 13:50:00,67.49,100.00
129+04449,2020-06-16 14:00:00,69.19,100.00
129+04449,2020-06-16 14:10:00,67.95,100.00
129+04449,2020-06-16 14:20:00,36.97,100.00
129+04449,2020-06-16 14:30:00,26.21,100.00
129+04449,2020-06-16 14:40:00,49.86,100.00
129+04449,2020-06-16 14:50:00,69.75,100.00
129+04449,2020-06-16 15:00:00,70.05,100.00
129+04449,2020-06-16 15:10:00,68.38,100.00
129+04449,2020-06-16 15:20:00,68.19,100.00
129+04449,2020-06-16 15:30:00,69.29,100.00
129+04449,2020-06-16 15:40:00,71.10,100.00
129+04449,2020-06-16 15:50:00,67.47,100.00
129+04449,2020-06-16 16:00:00,67.60,100.00
129+04449,2020-06-16 16:10:00,69.09,100.00
129+04449,2020-06-16 16:20:00,67.30,100.00
129+04449,2020-06-16 16:30:00,69.39,100.00
129+04449,2020-06-16 16:40:00,67.59,100.00
129+04449,2020-06-16 16:50:00,69.88,100.00
129+04449,2020-06-16 17:00:00,71.99,100.00
129+04449,2020-06-16 17:10:00,70.48,100.00
129+04449,2020-06-16 17:20:00,72.06,100.00
129+04449,2020-06-16 17:30:00,68.98,100.00
129+04449,2020-06-16 17:40:00,71.88,100.00
129+04449,2020-06-16 17:50:00,72.98,100.00
129+04449,2020-06-16 18:00:00,71.92,100.00
129+04449,2020-06-16 18:10:00,71.98,100.00
129+04449,2020-06-16 18:20:00,74.28,100.00
129+04449,2020-06-16 18:30:00,71.62,100.00
129+04449,2020-06-16 18:40:00,72.55,100.00
129+04449,2020-06-16 18:50:00,68.24,100.00
129+04449,2020-06-16 19:00:00,69.74,97.78
129+04449,2020-06-16 19:10:00,70.20,100.00
129+04449,2020-06-16 19:20:00,71.08,100.00
129+04449,2020-06-16 19:30:00,70.60,100.00
129+04449,2020-06-16 19:40:00,69.39,100.00
129+04449,2020-06-16 19:50:00,69.65,96.20
129+04449,2020-06-16 20:00:00,74.33,95.70
129+04449,2020-06-16 20:10:00,74.31,94.00
129+04449,2020-06-16 20:20:00,71.61,98.50
129+04449,2020-06-16 20:30:00,70.55,100.00
129+04449,2020-06-16 20:40:00,70.03,99.10
129+04449,2020-06-16 20:50:00,73.98,94.50
129+04449,2020-06-16 21:00:00,71.18,87.00
129+04449,2020-06-16 21:10:00,69.87,100.00
129+04449,2020-06-16 21:20:00,69.43,100.00
129+04449,2020-06-16 21:30:00,71.48,98.80
129+04449,2020-06-16 21:40:00,64.14,73.00
129+04449,2020-06-16 21:50:00,70.49,93.00
129+04449,2020-06-16 22:00:00,71.13,92.00
129+04449,2020-06-16 22:10:00,69.89,98.80
129+04449,2020-06-16 22:20:00,68.42,95.00
129+04449,2020-06-16 22:30:00,71.37,92.30
129+04449,2020-06-16 22:40:00,71.67,86.20
129+04449,2020-06-16 22:50:00,67.73,98.90
129+04449,2020-06-16 23:00:00,64.64,64.70
129+04449,2020-06-16 23:10:00,68.13,75.20
129+04449,2020-06-16 23:20:00,72.11,85.60
129+04449,2020-06-16 23:30:00,68.61,92.60
129+04449,2020-06-16 23:40:00,75.89,61.80
129+04449,2020-06-16 23:50:00,69.14,94.70
129P13885,2020-06-16 00:00:00,42.00,
129P13885,2020-06-16 00:10:00,42.98,
129P13885,2020-06-16 00:20:00,44.00,
129P13885,2020-06-16 00:30:00,,
129P13885,2020-06-16 00:40:00,,
129P13885,2020-06-16 00:50:00,44.16,99.60
129P13885,2020-06-16 01:00:00,,
129P13885,2020-06-16 01:10:00,,
129P13885,2020-06-16 01:20:00,,
129P13885,2020-06-16 01:30:00,,
129P13885,2020-06-16 01:40:00,,
129P13885,2020-06-16 01:50:00,,
129P13885,2020-06-16 02:00:00,,
129P13885,2020-06-16 02:10:00,,
129P13885,2020-06-16 02:20:00,45.00,
129P13885,2020-06-16 02:30:00,45.00,100.00
129P13885,2020-06-16 02:40:00,,
129P13885,2020-06-16 02:50:00,45.00,100.00
129P13885,2020-06-16 03:00:00,45.00,100.00
129P13885,2020-06-16 03:10:00,,
129P13885,2020-06-16 03:20:00,,
129P13885,2020-06-16 03:30:00,,
129P13885,2020-06-16 03:40:00,,
129P13885,2020-06-16 03:50:00,46.00,99.00
129P13885,2020-06-16 04:00:00,,
129P13885,2020-06-16 04:10:00,45.25,99.50
129P13885,2020-06-16 04:20:00,45.30,99.90
129P13885,2020-06-16 04:30:00,45.00,100.00
129P13885,2020-06-16 04:40:00,44.00,98.50
129P13885,2020-06-16 04:50:00,43.30,96.00
129P13885,2020-06-16 05:00:00,41.71,83.56
129P13885,2020-06-16 05:10:00,43.01,85.80
129P13885,2020-06-16 05:20:00,44.78,94.50
129P13885,2020-06-16 05:30:00,49.96,80.13
129P13885,2020-06-16 05:40:00,55.72,59.22
129P13885,2020-06-16 05:50:00,44.85,86.90
129P13885,2020-06-16 06:00:00,43.37,76.30
129P13885,2020-06-16 06:10:00,46.61,94.10
129P13885,2020-06-16 06:20:00,45.56,87.71
129P13885,2020-06-16 06:30:00,44.58,94.80
129P13885,2020-06-16 06:40:00,45.49,99.50
129P13885,2020-06-16 06:50:00,50.38,64.50
129P13885,2020-06-16 07:00:00,44.46,92.40
129P13885,2020-06-16 07:10:00,44.00,100.00
129P13885,2020-06-16 07:20:00,42.98,85.70
129P13885,2020-06-16 07:30:00,43.97,97.40
129P13885,2020-06-16 07:40:00,45.18,100.00
129P13885,2020-06-16 07:50:00,44.38,100.00
129P13885,2020-06-16 08:00:00,46.29,100.00
129P13885,2020-06-16 08:10:00,45.90,100.00
129P13885,2020-06-16 08:20:00,42.75,86.50
129P13885,2020-06-16 08:30:00,43.73,95.00
129P13885,2020-06-16 08:40:00,45.10,100.00
129P13885,2020-06-16 08:50:00,44.34,100.00
129P13885,2020-06-16 09:00:00,42.77,100.00
129P13885,2020-06-16 09:10:00,44.47,100.00
129P13885,2020-06-16 09:20:00,42.76,88.00
129P13885,2020-06-16 09:30:00,44.20,100.00
129P13885,2020-06-16 09:40:00,39.29,75.20
129P13885,2020-06-16 09:50:00,44.49,98.80
129P13885,2020-06-16 10:00:00,45.68,100.00
129P13885,2020-06-16 10:10:00,44.18,100.00
129P13885,2020-06-16 10:20:00,43.07,100.00
129P13885,2020-06-16 10:30:00,44.97,100.00
129P13885,2020-06-16 10:40:00,45.79,100.00
129P13885,2020-06-16 10:50:00,44.95,100.00
129P13885,2020-06-16 11:00:00,45.38,100.00
129P13885,2020-06-16 11:10:00,43.39,100.00
129P13885,2020-06-16 11:20:00,38.07,43.10
129P13885,2020-06-16 11:30:00,42.38,98.40
129P13885,2020-06-16 11:40:00,44.10,100.00
129P13885,2020-06-16 11:50:00,47.59,100.00
129P13885,2020-06-16 12:00:00,43.32,93.50
129P13885,2020-06-16 12:10:00,46.17,100.00
129P13885,2020-06-16 12:20:00,45.64,100.00
129P13885,2020-06-16 12:30:00,44.45,100.00
129P13885,2020-06-16 12:40:00,42.99,88.90
129P13885,2020-06-16 12:50:00,43.84,100.00
129P13885,2020-06-16 13:00:00,44.07,100.00
129P13885,2020-06-16 13:10:00,43.79,100.00
129P13885,2020-06-16 13:20:00,46.09,100.00
129P13885,2020-06-16 13:30:00,44.89,100.00
129P13885,2020-06-16 13:40:00,45.65,100.00
129P13885,2020-06-16 13:50:00,44.10,100.00
129P13885,2020-06-16 14:00:00,44.00,100.00
129P13885,2020-06-16 14:10:00,40.68,71.40
129P13885,2020-06-16 14:20:00,38.18,58.60
129P13885,2020-06-16 14:30:00,44.23,99.60
129P13885,2020-06-16 14:40:00,44.90,99.50
129P13885,2020-06-16 14:50:00,45.07,100.00
129P13885,2020-06-16 15:00:00,46.03,100.00
129P13885,2020-06-16 15:10:00,41.38,83.30
129P13885,2020-06-16 15:20:00,42.97,91.70
129P13885,2020-06-16 15:30:00,45.04,100.00
129P13885,2020-06-16 15:40:00,45.86,100.00
129P13885,2020-06-16 15:50:00,44.97,100.00
129P13885,2020-06-16 16:00:00,43.77,100.00
129P13885,2020-06-16 16:10:00,42.13,82.90
129P13885,2020-06-16 16:20:00,41.07,94.40
129P13885,2020-06-16 16:30:00,40.80,92.40
129P13885,2020-06-16 16:40:00,43.87,100.00
129P13885,2020-06-16 16:50:00,43.97,100.00
129P13885,2020-06-16 17:00:00,40.91,100.00
129P13885,2020-06-16 17:10:00,41.68,100.00
129P13885,2020-06-16 17:20:00,44.18,100.00
129P13885,2020-06-16 17:30:00,40.76,100.00
129P13885,2020-06-16 17:40:00,41.58,100.00
129P13885,2020-06-16 17:50:00,42.44,100.00
129P13885,2020-06-16 18:00:00,42.75,100.00
129P13885,2020-06-16 18:10:00,42.44,100.00
129P13885,2020-06-16 18:20:00,44.58,100.00
129P13885,2020-06-16 18:30:00,44.98,100.00
129P13885,2020-06-16 18:40:00,43.93,91.30
129P13885,2020-06-16 18:50:00,46.08,100.00
129P13885,2020-06-16 19:00:00,37.67,41.11
129P13885,2020-06-16 19:10:00,43.51,95.00
129P13885,2020-06-16 19:20:00,43.40,94.50
129P13885,2020-06-16 19:30:00,44.35,100.00
129P13885,2020-06-16 19:40:00,44.59,100.00
129P13885,2020-06-16 19:50:00,43.66,100.00
129P13885,2020-06-16 20:00:00,43.79,100.00
129P13885,2020-06-16 20:10:00,45.07,100.00
129P13885,2020-06-16 20:20:00,44.24,100.00
129P13885,2020-06-16 20:30:00,43.49,100.00
129P13885,2020-06-16 20:40:00,43.18,98.30
129P13885,2020-06-16 20:50:00,44.98,100.00
129P13885,2020-06-16 21:00:00,40.63,80.67
129P13885,2020-06-16 21:10:00,41.85,88.30
129P13885,2020-06-16 21:20:00,41.16,94.30
129P13885,2020-06-16 21:30:00,38.21,67.80
129P13885,2020-06-16 21:40:00,40.10,98.60
129P13885,2020-06-16 21:50:00,37.64,83.80
129P13885,2020-06-16 22:00:00,37.77,93.40
129P13885,2020-06-16 22:10:00,46.00,100.00
129P13885,2020-06-16 22:20:00,46.00,100.00
129P13885,2020-06-16 22:30:00,48.00,100.00
129P13885,2020-06-16 22:40:00,40.28,67.14
129P13885,2020-06-16 22:50:00,39.45,52.50
129P13885,2020-06-16 23:00:00,47.00,95.40
129P13885,2020-06-16 23:10:00,47.00,95.00
129P13885,2020-06-16 23:20:00,45.80,97.20
129P13885,2020-06-16 23:30:00,54.00,33.25
129P13885,2020-06-16 23:40:00,54.00,62.60
129P13885,2020-06-16 23:50:00,,
129P04451,2020-06-16 00:00:00,58.34,66.90
129P04451,2020-06-16 00:10:00,65.22,90.30
129P04451,2020-06-16 00:20:00,61.97,93.80
129P04451,2020-06-16 00:30:00,60.52,96.20
129P04451,2020-06-16 00:40:00,65.16,97.30
129P04451,2020-06-16 00:50:00,62.55,91.30
129P04451,2020-06-16 01:00:00,64.18,79.50
129P04451,2020-06-16 01:10:00,54.58,69.60
129P04451,2020-06-16 01:20:00,57.00,99.50
129P04451,2020-06-16 01:30:00,57.00,95.00
129P04451,2020-06-16 01:40:00,59.74,98.60
129P04451,2020-06-16 01:50:00,61.00,97.90
129P04451,2020-06-16 02:00:00,59.98,98.70
129P04451,2020-06-16 02:10:00,59.00,99.75
129P04451,2020-06-16 02:20:00,59.00,99.50
129P04451,2020-06-16 02:30:00,63.33,73.71
129P04451,2020-06-16 02:40:00,62.73,64.80
129P04451,2020-06-16 02:50:00,59.00,91.40
129P04451,2020-06-16 03:00:00,63.44,85.70
129P04451,2020-06-16 03:10:00,64.90,89.60
129P04451,2020-06-16 03:20:00,63.82,85.10
129P04451,2020-06-16 03:30:00,62.17,95.70
129P04451,2020-06-16 03:40:00,61.67,91.80
129P04451,2020-06-16 03:50:00,61.98,98.90
129P04451,2020-06-16 04:00:00,66.87,77.80
129P04451,2020-06-16 04:10:00,74.01,64.20
129P04451,2020-06-16 04:20:00,66.12,92.30
129P04451,2020-06-16 04:30:00,69.88,100.00
129P04451,2020-06-16 04:40:00,67.62,87.80
129P04451,2020-06-16 04:50:00,66.89,97.80
129P04451,2020-06-16 05:00:00,68.94,100.00
129P04451,2020-06-16 05:10:00,66.70,100.00
129P04451,2020-06-16 05:20:00,64.35,100.00
129P04451,2020-06-16 05:30:00,61.17,100.00
129P04451,2020-06-16 05:40:00,60.74,100.00
129P04451,2020-06-16 05:50:00,59.39,100.00
129P04451,2020-06-16 06:00:00,60.79,100.00
129P04451,2020-06-16 06:10:00,62.79,100.00
129P04451,2020-06-16 06:20:00,59.17,100.00
129P04451,2020-06-16 06:30:00,55.59,100.00
129P04451,2020-06-16 06:40:00,36.50,100.00
129P04451,2020-06-16 06:50:00,30.94,100.00
129P04451,2020-06-16 07:00:00,51.98,100.00
129P04451,2020-06-16 07:10:00,64.39,100.00
129P04451,2020-06-16 07:20:00,63.71,89.50
129P04451,2020-06-16 07:30:00,63.52,100.00
129P04451,2020-06-16 07:40:00,61.18,100.00
129P04451,2020-06-16 07:50:00,62.79,100.00
129P04451,2020-06-16 08:00:00,63.19,100.00
129P04451,2020-06-16 08:10:00,63.98,100.00
129P04451,2020-06-16 08:20:00,62.97,100.00
129P04451,2020-06-16 08:30:00,64.55,100.00
129P04451,2020-06-16 08:40:00,64.77,100.00
129P04451,2020-06-16 08:50:00,61.19,100.00
129P04451,2020-06-16 09:00:00,63.35,100.00
129P04451,2020-06-16 09:10:00,63.57,100.00
129P04451,2020-06-16 09:20:00,65.38,100.00
129P04451,2020-06-16 09:30:00,63.77,100.00
129P04451,2020-06-16 09:40:00,66.58,100.00
129P04451,2020-06-16 09:50:00,64.55,100.00
129P04451,2020-06-16 10:00:00,59.97,100.00
129P04451,2020-06-16 10:10:00,62.14,100.00
129P04451,2020-06-16 10:20:00,63.18,100.00
129P04451,2020-06-16 10:30:00,61.39,100.00
129P04451,2020-06-16 10:40:00,62.54,100.00
129P04451,2020-06-16 10:50:00,56.68,100.00
129P04451,2020-06-16 11:00:00,60.95,100.00
129P04451,2020-06-16 11:10:00,63.17,100.00
129P04451,2020-06-16 11:20:00,62.17,100.00
129P04451,2020-06-16 11:30:00,60.78,100.00
129P04451,2020-06-16 11:40:00,62.96,100.00
129P04451,2020-06-16 11:50:00,62.96,100.00
129P04451,2020-06-16 12:00:00,60.59,100.00
129P04451,2020-06-16 12:10:00,64.73,100.00
129P04451,2020-06-16 12:20:00,62.56,100.00
129P04451,2020-06-16 12:30:00,60.99,100.00
129P04451,2020-06-16 12:40:00,62.58,100.00
129P04451,2020-06-16 12:50:00,60.39,100.00
129P04451,2020-06-16 13:00:00,61.00,100.00
129P04451,2020-06-16 13:10:00,61.00,100.00
129P04451,2020-06-16 13:20:00,61.00,100.00
129P04451,2020-06-16 13:30:00,61.59,100.00
129P04451,2020-06-16 13:40:00,60.78,100.00
129P04451,2020-06-16 13:50:00,62.76,100.00
129P04451,2020-06-16 14:00:00,60.59,100.00
129P04451,2020-06-16 14:10:00,60.78,100.00
129P04451,2020-06-16 14:20:00,61.39,100.00
129P04451,2020-06-16 14:30:00,60.99,100.00
129P04451,2020-06-16 14:40:00,60.78,100.00
129P04451,2020-06-16 14:50:00,58.74,100.00
129P04451,2020-06-16 15:00:00,56.83,100.00
129P04451,2020-06-16 15:10:00,61.94,100.00
129P04451,2020-06-16 15:20:00,62.56,100.00
129P04451,2020-06-16 15:30:00,64.57,100.00
129P04451,2020-06-16 15:40:00,62.95,100.00
129P04451,2020-06-16 15:50:00,64.09,100.00
129P04451,2020-06-16 16:00:00,63.39,100.00
129P04451,2020-06-16 16:10:00,63.36,100.00
129P04451,2020-06-16 16:20:00,61.00,100.00
129P04451,2020-06-16 16:30:00,61.59,100.00
129P04451,2020-06-16 16:40:00,61.59,100.00
129P04451,2020-06-16 16:50:00,62.95,100.00
129P04451,2020-06-16 17:00:00,64.59,100.00
129P04451,2020-06-16 17:10:00,63.57,100.00
129P04451,2020-06-16 17:20:00,60.59,100.00
129P04451,2020-06-16 17:30:00,61.36,100.00
129P04451,2020-06-16 17:40:00,62.36,100.00
129P04451,2020-06-16 17:50:00,60.18,100.00
129P04451,2020-06-16 18:00:00,60.59,100.00
129P04451,2020-06-16 18:10:00,61.39,100.00
129P04451,2020-06-16 18:20:00,63.75,100.00
129P04451,2020-06-16 18:30:00,62.76,100.00
129P04451,2020-06-16 18:40:00,65.37,100.00
129P04451,2020-06-16 18:50:00,65.59,100.00
129P04451,2020-06-16 19:00:00,66.10,98.00
129P04451,2020-06-16 19:10:00,67.18,100.00
129P04451,2020-06-16 19:20:00,64.76,100.00
129P04451,2020-06-16 19:30:00,66.53,100.00
129P04451,2020-06-16 19:40:00,63.97,100.00
129P04451,2020-06-16 19:50:00,64.34,100.00
129P04451,2020-06-16 20:00:00,62.37,100.00
129P04451,2020-06-16 20:10:00,62.72,100.00
129P04451,2020-06-16 20:20:00,62.27,100.00
129P04451,2020-06-16 20:30:00,65.84,100.00
129P04451,2020-06-16 20:40:00,59.35,100.00
129P04451,2020-06-16 20:50:00,59.90,100.00
129P04451,2020-06-16 21:00:00,64.03,100.00
129P04451,2020-06-16 21:10:00,63.06,100.00
129P04451,2020-06-16 21:20:00,57.82,100.00
129P04451,2020-06-16 21:30:00,57.19,100.00
129P04451,2020-06-16 21:40:00,56.99,100.00
129P04451,2020-06-16 21:50:00,62.14,88.00
129P04451,2020-06-16 22:00:00,62.47,78.50
129P04451,2020-06-16 22:10:00,68.55,79.20
129P04451,2020-06-16 22:20:00,66.77,100.00
129P04451,2020-06-16 22:30:00,67.06,97.30
129P04451,2020-06-16 22:40:00,65.21,99.80
129P04451,2020-06-16 22:50:00,68.19,84.60
129P04451,2020-06-16 23:00:00,60.58,94.80
129P04451,2020-06-16 23:10:00,56.97,71.60
129P04451,2020-06-16 23:20:00,73.00,95.60
129P04451,2020-06-16 23:30:00,61.49,94.80
129P04451,2020-06-16 23:40:00,65.34,86.60
129P04451,2020-06-16 23:50:00,65.59,96.40
129-04215,2020-06-16 00:00:00,58.89,27.22
129-04215,2020-06-16 00:10:00,57.62,56.10
129-04215,2020-06-16 00:20:00,69.88,92.83
129-04215,2020-06-16 00:30:00,69.23,98.30
129-04215,2020-06-16 00:40:00,57.47,70.90
129-04215,2020-06-16 00:50:00,56.07,66.00
129-04215,2020-06-16 01:00:00,71.24,41.80
129-04215,2020-06-16 01:10:00,75.00,25.50
129-04215,2020-06-16 01:20:00,,
129-04215,2020-06-16 01:30:00,75.00,
129-04215,2020-06-16 01:40:00,75.00,
129-04215,2020-06-16 01:50:00,71.33,86.40
129-04215,2020-06-16 02:00:00,68.00,100.00
129-04215,2020-06-16 02:10:00,,
129-04215,2020-06-16 02:20:00,54.35,20.50
129-04215,2020-06-16 02:30:00,55.00,65.70
129-04215,2020-06-16 02:40:00,,
129-04215,2020-06-16 02:50:00,58.00,96.00
129-04215,2020-06-16 03:00:00,59.36,81.89
129-04215,2020-06-16 03:10:00,67.57,36.90
129-04215,2020-06-16 03:20:00,70.49,49.80
129-04215,2020-06-16 03:30:00,54.00,21.20
129-04215,2020-06-16 03:40:00,54.00,40.57
129-04215,2020-06-16 03:50:00,57.93,53.90
129-04215,2020-06-16 04:00:00,70.56,50.40
129-04215,2020-06-16 04:10:00,60.29,96.80
129-04215,2020-06-16 04:20:00,60.67,98.60
129-04215,2020-06-16 04:30:00,65.94,88.20
129-04215,2020-06-16 04:40:00,63.52,91.30
129-04215,2020-06-16 04:50:00,59.63,84.60
129-04215,2020-06-16 05:00:00,58.89,83.50
129-04215,2020-06-16 05:10:00,62.76,85.10
129-04215,2020-06-16 05:20:00,62.61,93.00
129-04215,2020-06-16 05:30:00,64.76,84.90
129-04215,2020-06-16 05:40:00,67.14,68.40
129-04215,2020-06-16 05:50:00,65.36,86.50
129-04215,2020-06-16 06:00:00,71.79,48.00
129-04215,2020-06-16 06:10:00,67.31,84.60
129-04215,2020-06-16 06:20:00,63.24,100.00
129-04215,2020-06-16 06:30:00,61.87,100.00
129-04215,2020-06-16 06:40:00,62.73,100.00
129-04215,2020-06-16 06:50:00,64.69,100.00
129-04215,2020-06-16 07:00:00,63.75,96.20
129-04215,2020-06-16 07:10:00,58.99,100.00
129-04215,2020-06-16 07:20:00,63.14,100.00
129-04215,2020-06-16 07:30:00,61.57,100.00
129-04215,2020-06-16 07:40:00,66.17,100.00
129-04215,2020-06-16 07:50:00,63.97,100.00
129-04215,2020-06-16 08:00:00,65.17,99.30
129-04215,2020-06-16 08:10:00,63.13,100.00
129-04215,2020-06-16 08:20:00,64.16,100.00
129-04215,2020-06-16 08:30:00,64.28,100.00
129-04215,2020-06-16 08:40:00,62.77,100.00
129-04215,2020-06-16 08:50:00,62.55,100.00
129-04215,2020-06-16 09:00:00,61.69,100.00
129-04215,2020-06-16 09:10:00,61.30,100.00
129-04215,2020-06-16 09:20:00,58.88,100.00
129-04215,2020-06-16 09:30:00,60.83,100.00
129-04215,2020-06-16 09:40:00,62.25,100.00
129-04215,2020-06-16 09:50:00,65.35,100.00
129-04215,2020-06-16 10:00:00,61.26,100.00
129-04215,2020-06-16 10:10:00,59.09,100.00
129-04215,2020-06-16 10:20:00,57.04,100.00
129-04215,2020-06-16 10:30:00,61.69,100.00
129-04215,2020-06-16 10:40:00,62.29,100.00
129-04215,2020-06-16 10:50:00,63.86,100.00
129-04215,2020-06-16 11:00:00,61.19,100.00
129-04215,2020-06-16 11:10:00,61.06,100.00
129-04215,2020-06-16 11:20:00,64.37,100.00
129-04215,2020-06-16 11:30:00,62.36,100.00
129-04215,2020-06-16 11:40:00,63.07,100.00
129-04215,2020-06-16 11:50:00,61.28,100.00
129-04215,2020-06-16 12:00:00,63.76,94.90
129-04215,2020-06-16 12:10:00,62.78,99.40
129-04215,2020-06-16 12:20:00,64.76,100.00
129-04215,2020-06-16 12:30:00,61.69,100.00
129-04215,2020-06-16 12:40:00,60.99,100.00
129-04215,2020-06-16 12:50:00,60.89,100.00
129-04215,2020-06-16 13:00:00,59.70,100.00
129-04215,2020-06-16 13:10:00,60.46,100.00
129-04215,2020-06-16 13:20:00,60.67,100.00
129-04215,2020-06-16 13:30:00,60.30,100.00
129-04215,2020-06-16 13:40:00,60.60,100.00
129-04215,2020-06-16 13:50:00,60.59,100.00
129-04215,2020-06-16 14:00:00,61.18,100.00
129-04215,2020-06-16 14:10:00,63.77,100.00
129-04215,2020-06-16 14:20:00,61.29,100.00
129-04215,2020-06-16 14:30:00,62.65,100.00
129-04215,2020-06-16 14:40:00,64.53,100.00
129-04215,2020-06-16 14:50:00,62.26,100.00
129-04215,2020-06-16 15:00:00,62.78,100.00
129-04215,2020-06-16 15:10:00,61.08,100.00
129-04215,2020-06-16 15:20:00,64.65,100.00
129-04215,2020-06-16 15:30:00,64.57,100.00
129-04215,2020-06-16 15:40:00,65.16,100.00
129-04215,2020-06-16 15:50:00,64.68,100.00
129-04215,2020-06-16 16:00:00,65.29,100.00
129-04215,2020-06-16 16:10:00,62.89,100.00
129-04215,2020-06-16 16:20:00,63.27,100.00
129-04215,2020-06-16 16:30:00,61.79,100.00
129-04215,2020-06-16 16:40:00,63.85,100.00
129-04215,2020-06-16 16:50:00,62.97,100.00
129-04215,2020-06-16 17:00:00,62.78,100.00
129-04215,2020-06-16 17:10:00,64.49,100.00
129-04215,2020-06-16 17:20:00,62.56,100.00
129-04215,2020-06-16 17:30:00,61.69,100.00
129-04215,2020-06-16 17:40:00,63.19,100.00
129-04215,2020-06-16 17:50:00,66.72,100.00
129-04215,2020-06-16 18:00:00,67.74,100.00
129-04215,2020-06-16 18:10:00,63.68,100.00
129-04215,2020-06-16 18:20:00,61.94,100.00
129-04215,2020-06-16 18:30:00,63.78,100.00
129-04215,2020-06-16 18:40:00,69.28,100.00
129-04215,2020-06-16 18:50:00,67.44,100.00
129-04215,2020-06-16 19:00:00,62.29,100.00
129-04215,2020-06-16 19:10:00,63.58,100.00
129-04215,2020-06-16 19:20:00,66.57,100.00
129-04215,2020-06-16 19:30:00,67.85,100.00
129-04215,2020-06-16 19:40:00,67.07,98.60
129-04215,2020-06-16 19:50:00,64.98,98.30
129-04215,2020-06-16 20:00:00,59.93,61.50
129-04215,2020-06-16 20:10:00,60.50,61.60
129-04215,2020-06-16 20:20:00,64.86,100.00
129-04215,2020-06-16 20:30:00,61.17,100.00
129-04215,2020-06-16 20:40:00,62.29,100.00
129-04215,2020-06-16 20:50:00,63.77,100.00
129-04215,2020-06-16 21:00:00,59.82,100.00
129-04215,2020-06-16 21:10:00,60.65,100.00
129-04215,2020-06-16 21:20:00,55.00,100.00
129-04215,2020-06-16 21:30:00,57.70,82.90
129-04215,2020-06-16 21:40:00,55.54,94.10
129-04215,2020-06-16 21:50:00,55.65,90.40
129-04215,2020-06-16 22:00:00,61.27,71.20
129-04215,2020-06-16 22:10:00,60.24,86.00
129-04215,2020-06-16 22:20:00,59.00,100.00
129-04215,2020-06-16 22:30:00,63.25,82.10
129-04215,2020-06-16 22:40:00,61.44,100.00
129-04215,2020-06-16 22:50:00,55.86,61.70
129-04215,2020-06-16 23:00:00,61.79,97.70
129-04215,2020-06-16 23:10:00,60.88,95.20
129-04215,2020-06-16 23:20:00,63.45,82.90
129-04215,2020-06-16 23:30:00,67.21,44.50
129-04215,2020-06-16 23:40:00,66.96,75.10
129-04215,2020-06-16 23:50:00,72.30,32.10
129P04450,2020-06-16 00:00:00,61.38,38.70
129P04450,2020-06-16 00:10:00,71.48,90.50
129P04450,2020-06-16 00:20:00,69.81,94.50
129P04450,2020-06-16 00:30:00,74.01,87.30
129P04450,2020-06-16 00:40:00,71.42,94.00
129P04450,2020-06-16 00:50:00,68.00,95.43
129P04450,2020-06-16 01:00:00,57.28,57.33
129P04450,2020-06-16 01:10:00,61.61,77.90
129P04450,2020-06-16 01:20:00,68.00,98.14
129P04450,2020-06-16 01:30:00,63.00,99.00
129P04450,2020-06-16 01:40:00,65.94,94.00
129P04450,2020-06-16 01:50:00,67.76,94.20
129P04450,2020-06-16 02:00:00,65.44,98.11
129P04450,2020-06-16 02:10:00,66.00,100.00
129P04450,2020-06-16 02:20:00,65.83,99.83
129P04450,2020-06-16 02:30:00,77.00,76.25
129P04450,2020-06-16 02:40:00,68.23,71.13
129P04450,2020-06-16 02:50:00,62.00,81.00
129P04450,2020-06-16 03:00:00,70.95,77.30
129P04450,2020-06-16 03:10:00,69.45,93.70
129P04450,2020-06-16 03:20:00,70.66,92.70
129P04450,2020-06-16 03:30:00,66.58,93.00
129P04450,2020-06-16 03:40:00,67.94,87.88
129P04450,2020-06-16 03:50:00,72.46,86.50
129P04450,2020-06-16 04:00:00,67.99,93.10
129P04450,2020-06-16 04:10:00,69.72,87.60
129P04450,2020-06-16 04:20:00,76.09,73.20
129P04450,2020-06-16 04:30:00,76.06,80.60
129P04450,2020-06-16 04:40:00,71.67,83.30
129P04450,2020-06-16 04:50:00,73.05,98.40
129P04450,2020-06-16 05:00:00,72.18,100.00
129P04450,2020-06-16 05:10:00,72.58,100.00
129P04450,2020-06-16 05:20:00,71.88,100.00
129P04450,2020-06-16 05:30:00,71.28,100.00
129P04450,2020-06-16 05:40:00,68.69,100.00
129P04450,2020-06-16 05:50:00,68.98,100.00
129P04450,2020-06-16 06:00:00,73.99,100.00
129P04450,2020-06-16 06:10:00,70.13,100.00
129P04450,2020-06-16 06:20:00,66.00,100.00
129P04450,2020-06-16 06:30:00,66.19,99.20
129P04450,2020-06-16 06:40:00,68.87,100.00
129P04450,2020-06-16 06:50:00,70.68,100.00
129P04450,2020-06-16 07:00:00,71.49,100.00
129P04450,2020-06-16 07:10:00,72.10,100.00
129P04450,2020-06-16 07:20:00,69.89,99.60
129P04450,2020-06-16 07:30:00,67.07,99.70
129P04450,2020-06-16 07:40:00,66.58,100.00
129P04450,2020-06-16 07:50:00,67.60,100.00
129P04450,2020-06-16 08:00:00,68.79,100.00
129P04450,2020-06-16 08:10:00,70.29,100.00
129P04450,2020-06-16 08:20:00,69.69,100.00
129P04450,2020-06-16 08:30:00,69.59,100.00
129P04450,2020-06-16 08:40:00,69.39,100.00
129P04450,2020-06-16 08:50:00,69.90,100.00
129P04450,2020-06-16 09:00:00,70.94,100.00
129P04450,2020-06-16 09:10:00,70.29,100.00
129P04450,2020-06-16 09:20:00,69.67,100.00
129P04450,2020-06-16 09:30:00,70.20,100.00
129P04450,2020-06-16 09:40:00,69.59,100.00
129P04450,2020-06-16 09:50:00,68.88,100.00
129P04450,2020-06-16 10:00:00,68.19,100.00
129P04450,2020-06-16 10:10:00,67.48,100.00
129P04450,2020-06-16 10:20:00,67.17,100.00
129P04450,2020-06-16 10:30:00,68.53,100.00
129P04450,2020-06-16 10:40:00,32.83,100.00
129P04450,2020-06-16 10:50:00,46.62,100.00
129P04450,2020-06-16 11:00:00,66.59,100.00
129P04450,2020-06-16 11:10:00,73.20,100.00
129P04450,2020-06-16 11:20:00,71.75,100.00
129P04450,2020-06-16 11:30:00,69.79,100.00
129P04450,2020-06-16 11:40:00,70.16,100.00
129P04450,2020-06-16 11:50:00,67.85,100.00
129P04450,2020-06-16 12:00:00,67.28,100.00
129P04450,2020-06-16 12:10:00,67.65,100.00
129P04450,2020-06-16 12:20:00,71.00,100.00
129P04450,2020-06-16 12:30:00,70.59,100.00
129P04450,2020-06-16 12:40:00,71.08,100.00
129P04450,2020-06-16 12:50:00,68.76,100.00
129P04450,2020-06-16 13:00:00,67.99,100.00
129P04450,2020-06-16 13:10:00,70.19,100.00
129P04450,2020-06-16 13:20:00,70.17,100.00
129P04450,2020-06-16 13:30:00,67.99,100.00
129P04450,2020-06-16 13:40:00,67.09,100.00
129P04450,2020-06-16 13:50:00,66.68,100.00
129P04450,2020-06-16 14:00:00,68.66,100.00
129P04450,2020-06-16 14:10:00,67.48,100.00
129P04450,2020-06-16 14:20:00,66.98,100.00
129P04450,2020-06-16 14:30:00,69.58,100.00
129P04450,2020-06-16 14:40:00,55.97,100.00
129P04450,2020-06-16 14:50:00,33.78,100.00
129P04450,2020-06-16 15:00:00,63.95,100.00
129P04450,2020-06-16 15:10:00,70.87,100.00
129P04450,2020-06-16 15:20:00,72.36,95.90
129P04450,2020-06-16 15:30:00,70.59,100.00
129P04450,2020-06-16 15:40:00,74.86,96.20
129P04450,2020-06-16 15:50:00,74.34,100.00
129P04450,2020-06-16 16:00:00,73.05,100.00
129P04450,2020-06-16 16:10:00,71.57,100.00
129P04450,2020-06-16 16:20:00,69.24,100.00
129P04450,2020-06-16 16:30:00,71.16,100.00
129P04450,2020-06-16 16:40:00,71.63,100.00
129P04450,2020-06-16 16:50:00,69.19,100.00
129P04450,2020-06-16 17:00:00,69.29,100.00
129P04450,2020-06-16 17:10:00,69.89,100.00
129P04450,2020-06-16 17:20:00,70.77,100.00
129P04450,2020-06-16 17:30:00,70.10,100.00
129P04450,2020-06-16 17:40:00,70.58,100.00
129P04450,2020-06-16 17:50:00,71.29,100.00
129P04450,2020-06-16 18:00:00,71.39,100.00
129P04450,2020-06-16 18:10:00,75.57,100.00
129P04450,2020-06-16 18:20:00,73.86,100.00
129P04450,2020-06-16 18:30:00,73.56,100.00
129P04450,2020-06-16 18:40:00,69.88,100.00
129P04450,2020-06-16 18:50:00,74.29,99.80
129P04450,2020-06-16 19:00:00,71.51,99.22
129P04450,2020-06-16 19:10:00,70.48,100.00
129P04450,2020-06-16 19:20:00,71.28,100.00
129P04450,2020-06-16 19:30:00,72.48,100.00
129P04450,2020-06-16 19:40:00,70.35,100.00
129P04450,2020-06-16 19:50:00,69.67,100.00
129P04450,2020-06-16 20:00:00,70.98,98.60
129P04450,2020-06-16 20:10:00,70.90,100.00
129P04450,2020-06-16 20:20:00,72.35,91.20
129P04450,2020-06-16 20:30:00,71.49,96.90
129P04450,2020-06-16 20:40:00,69.24,99.50
129P04450,2020-06-16 20:50:00,67.54,92.00
129P04450,2020-06-16 21:00:00,71.37,91.90
129P04450,2020-06-16 21:10:00,74.90,74.30
129P04450,2020-06-16 21:20:00,68.27,100.00
129P04450,2020-06-16 21:30:00,71.12,92.20
129P04450,2020-06-16 21:40:00,70.54,95.80
129P04450,2020-06-16 21:50:00,74.80,72.50
129P04450,2020-06-16 22:00:00,71.28,91.80
129P04450,2020-06-16 22:10:00,75.18,83.40
129P04450,2020-06-16 22:20:00,72.07,99.50
129P04450,2020-06-16 22:30:00,73.19,99.80
129P04450,2020-06-16 22:40:00,74.30,92.70
129P04450,2020-06-16 22:50:00,72.86,84.70
129P04450,2020-06-16 23:00:00,72.57,80.00
129P04450,2020-06-16 23:10:00,65.88,63.40
129P04450,2020-06-16 23:20:00,68.79,83.90
129P04450,2020-06-16 23:30:00,73.53,92.00
129P04450,2020-06-16 23:40:00,76.60,66.10
129P04450,2020-06-16 23:50:00,73.18,91.30
129+04443,2020-06-16 00:00:00,57.97,75.67
129+04443,2020-06-16 00:10:00,64.04,82.30
129+04443,2020-06-16 00:20:00,71.89,49.14
129+04443,2020-06-16 00:30:00,66.00,98.00
129+04443,2020-06-16 00:40:00,,
129+04443,2020-06-16 00:50:00,60.00,72.00
129+04443,2020-06-16 01:00:00,61.53,82.30
129+04443,2020-06-16 01:10:00,63.27,97.50
129+04443,2020-06-16 01:20:00,63.00,99.67
129+04443,2020-06-16 01:30:00,55.00,67.67
129+04443,2020-06-16 01:40:00,62.96,88.60
129+04443,2020-06-16 01:50:00,65.00,93.25
129+04443,2020-06-16 02:00:00,,
129+04443,2020-06-16 02:10:00,63.00,96.00
129+04443,2020-06-16 02:20:00,63.00,94.50
129+04443,2020-06-16 02:30:00,,
129+04443,2020-06-16 02:40:00,,
129+04443,2020-06-16 02:50:00,69.19,78.00
129+04443,2020-06-16 03:00:00,62.00,91.50
129+04443,2020-06-16 03:10:00,62.82,97.00
129+04443,2020-06-16 03:20:00,63.60,98.60
129+04443,2020-06-16 03:30:00,67.73,87.75
129+04443,2020-06-16 03:40:00,74.39,33.40
129+04443,2020-06-16 03:50:00,75.33,68.33
129+04443,2020-06-16 04:00:00,71.86,95.30
129+04443,2020-06-16 04:10:00,74.15,88.30
129+04443,2020-06-16 04:20:00,72.48,96.70
129+04443,2020-06-16 04:30:00,71.97,92.90
129+04443,2020-06-16 04:40:00,74.54,92.70
129+04443,2020-06-16 04:50:00,72.91,93.90
129+04443,2020-06-16 05:00:00,70.87,100.00
129+04443,2020-06-16 05:10:00,68.40,100.00
129+04443,2020-06-16 05:20:00,68.58,100.00
129+04443,2020-06-16 05:30:00,68.19,100.00
129+04443,2020-06-16 05:40:00,69.29,100.00
129+04443,2020-06-16 05:50:00,69.39,100.00
129+04443,2020-06-16 06:00:00,67.29,100.00
129+04443,2020-06-16 06:10:00,65.79,100.00
129+04443,2020-06-16 06:20:00,68.99,100.00
129+04443,2020-06-16 06:30:00,69.49,100.00
129+04443,2020-06-16 06:40:00,68.30,100.00
129+04443,2020-06-16 06:50:00,69.28,100.00
129+04443,2020-06-16 07:00:00,68.27,100.00
129+04443,2020-06-16 07:10:00,69.23,100.00
129+04443,2020-06-16 07:20:00,71.14,100.00
129+04443,2020-06-16 07:30:00,67.56,100.00
129+04443,2020-06-16 07:40:00,67.09,100.00
129+04443,2020-06-16 07:50:00,68.59,100.00
129+04443,2020-06-16 08:00:00,66.98,100.00
129+04443,2020-06-16 08:10:00,68.86,100.00
129+04443,2020-06-16 08:20:00,68.29,100.00
129+04443,2020-06-16 08:30:00,69.18,100.00
129+04443,2020-06-16 08:40:00,66.89,100.00
129+04443,2020-06-16 08:50:00,67.26,99.20
129+04443,2020-06-16 09:00:00,68.10,99.90
129+04443,2020-06-16 09:10:00,66.98,100.00
129+04443,2020-06-16 09:20:00,70.88,100.00
129+04443,2020-06-16 09:30:00,68.45,98.80
129+04443,2020-06-16 09:40:00,65.88,100.00
129+04443,2020-06-16 09:50:00,68.75,100.00
129+04443,2020-06-16 10:00:00,68.89,100.00
129+04443,2020-06-16 10:10:00,67.58,100.00
129+04443,2020-06-16 10:20:00,63.58,100.00
129+04443,2020-06-16 10:30:00,68.64,97.80
129+04443,2020-06-16 10:40:00,68.49,99.30
129+04443,2020-06-16 10:50:00,67.48,100.00
129+04443,2020-06-16 11:00:00,67.19,100.00
129+04443,2020-06-16 11:10:00,66.19,100.00
129+04443,2020-06-16 11:20:00,68.89,94.40
129+04443,2020-06-16 11:30:00,69.97,100.00
129+04443,2020-06-16 11:40:00,63.78,100.00
129+04443,2020-06-16 11:50:00,64.90,100.00
129+04443,2020-06-16 12:00:00,66.18,100.00
129+04443,2020-06-16 12:10:00,65.77,98.70
129+04443,2020-06-16 12:20:00,67.90,100.00
129+04443,2020-06-16 12:30:00,66.85,100.00
129+04443,2020-06-16 12:40:00,67.89,100.00
129+04443,2020-06-16 12:50:00,66.53,100.00
129+04443,2020-06-16 13:00:00,69.66,92.20
129+04443,2020-06-16 13:10:00,67.27,100.00
129+04443,2020-06-16 13:20:00,70.23,85.40
129+04443,2020-06-16 13:30:00,68.02,99.40
129+04443,2020-06-16 13:40:00,70.49,100.00
129+04443,2020-06-16 13:50:00,69.79,100.00
129+04443,2020-06-16 14:00:00,66.88,100.00
129+04443,2020-06-16 14:10:00,65.38,100.00
129+04443,2020-06-16 14:20:00,65.27,100.00
129+04443,2020-06-16 14:30:00,67.67,100.00
129+04443,2020-06-16 14:40:00,66.96,100.00
129+04443,2020-06-16 14:50:00,68.38,100.00
129+04443,2020-06-16 15:00:00,68.29,100.00
129+04443,2020-06-16 15:10:00,67.46,100.00
129+04443,2020-06-16 15:20:00,69.08,91.20
129+04443,2020-06-16 15:30:00,62.67,100.00
129+04443,2020-06-16 15:40:00,67.71,100.00
129+04443,2020-06-16 15:50:00,66.99,100.00
129+04443,2020-06-16 16:00:00,69.39,100.00
129+04443,2020-06-16 16:10:00,70.74,100.00
129+04443,2020-06-16 16:20:00,66.89,100.00
129+04443,2020-06-16 16:30:00,69.69,100.00
129+04443,2020-06-16 16:40:00,68.97,100.00
129+04443,2020-06-16 16:50:00,70.99,99.70
129+04443,2020-06-16 17:00:00,67.63,100.00
129+04443,2020-06-16 17:10:00,66.07,100.00
129+04443,2020-06-16 17:20:00,68.20,100.00
129+04443,2020-06-16 17:30:00,72.47,100.00
129+04443,2020-06-16 17:40:00,72.66,97.60
129+04443,2020-06-16 17:50:00,72.61,86.80
129+04443,2020-06-16 18:00:00,71.40,100.00
129+04443,2020-06-16 18:10:00,67.48,100.00
129+04443,2020-06-16 18:20:00,69.60,100.00
129+04443,2020-06-16 18:30:00,68.35,99.60
129+04443,2020-06-16 18:40:00,68.17,99.80
129+04443,2020-06-16 18:50:00,70.60,96.60
129+04443,2020-06-16 19:00:00,69.09,99.78
129+04443,2020-06-16 19:10:00,70.08,100.00
129+04443,2020-06-16 19:20:00,71.08,100.00
129+04443,2020-06-16 19:30:00,68.08,100.00
129+04443,2020-06-16 19:40:00,69.45,89.20
129+04443,2020-06-16 19:50:00,70.48,93.40
129+04443,2020-06-16 20:00:00,63.40,93.80
129+04443,2020-06-16 20:10:00,71.99,84.40
129+04443,2020-06-16 20:20:00,71.32,85.10
129+04443,2020-06-16 20:30:00,67.49,96.50
129+04443,2020-06-16 20:40:00,68.17,100.00
129+04443,2020-06-16 20:50:00,68.64,100.00
129+04443,2020-06-16 21:00:00,69.68,95.20
129+04443,2020-06-16 21:10:00,73.19,67.90
129+04443,2020-06-16 21:20:00,69.38,100.00
129+04443,2020-06-16 21:30:00,65.88,100.00
129+04443,2020-06-16 21:40:00,64.39,100.00
129+04443,2020-06-16 21:50:00,66.28,100.00
129+04443,2020-06-16 22:00:00,68.49,80.90
129+04443,2020-06-16 22:10:00,67.90,88.60
129+04443,2020-06-16 22:20:00,66.03,89.70
129+04443,2020-06-16 22:30:00,62.36,90.90
129+04443,2020-06-16 22:40:00,66.61,88.30
129+04443,2020-06-16 22:50:00,65.73,99.30
129+04443,2020-06-16 23:00:00,69.39,86.40
129+04443,2020-06-16 23:10:00,75.14,59.67
129+04443,2020-06-16 23:20:00,78.10,37.60
129+04443,2020-06-16 23:30:00,81.30,44.70
129+04443,2020-06-16 23:40:00,79.10,88.50
129+04443,2020-06-16 23:50:00,72.96,65.70
129+04465,2020-06-16 00:00:00,58.11,44.75
129+04465,2020-06-16 00:10:00,55.00,39.90
129+04465,2020-06-16 00:20:00,58.00,97.00
129+04465,2020-06-16 00:30:00,,
129+04465,2020-06-16 00:40:00,60.35,33.17
129+04465,2020-06-16 00:50:00,53.21,29.20
129+04465,2020-06-16 01:00:00,32.32,20.00
129+04465,2020-06-16 01:10:00,,
129+04465,2020-06-16 01:20:00,33.20,
129+04465,2020-06-16 01:30:00,34.00,
129+04465,2020-06-16 01:40:00,34.00,
129+04465,2020-06-16 01:50:00,34.00,
129+04465,2020-06-16 02:00:00,34.00,
129+04465,2020-06-16 02:10:00,34.28,
129+04465,2020-06-16 02:20:00,53.04,99.67
129+04465,2020-06-16 02:30:00,67.00,98.70
129+04465,2020-06-16 02:40:00,66.50,99.75
129+04465,2020-06-16 02:50:00,63.00,79.00
129+04465,2020-06-16 03:00:00,64.39,93.30
129+04465,2020-06-16 03:10:00,65.00,100.00
129+04465,2020-06-16 03:20:00,,
129+04465,2020-06-16 03:30:00,63.77,83.80
129+04465,2020-06-16 03:40:00,59.39,68.75
129+04465,2020-06-16 03:50:00,,
129+04465,2020-06-16 04:00:00,68.83,58.90
129+04465,2020-06-16 04:10:00,69.03,75.70
129+04465,2020-06-16 04:20:00,68.71,71.50
129+04465,2020-06-16 04:30:00,65.57,84.00
129+04465,2020-06-16 04:40:00,71.51,68.10
129+04465,2020-06-16 04:50:00,74.72,57.60
129+04465,2020-06-16 05:00:00,72.50,87.10
129+04465,2020-06-16 05:10:00,71.07,66.80
129+04465,2020-06-16 05:20:00,72.90,80.10
129+04465,2020-06-16 05:30:00,72.79,99.90
129+04465,2020-06-16 05:40:00,71.32,89.40
129+04465,2020-06-16 05:50:00,66.58,55.70
129+04465,2020-06-16 06:00:00,68.82,66.20
129+04465,2020-06-16 06:10:00,69.53,94.00
129+04465,2020-06-16 06:20:00,68.47,100.00
129+04465,2020-06-16 06:30:00,68.18,100.00
129+04465,2020-06-16 06:40:00,74.27,85.10
129+04465,2020-06-16 06:50:00,70.89,97.50
129+04465,2020-06-16 07:00:00,71.79,96.50
129+04465,2020-06-16 07:10:00,72.07,83.50
129+04465,2020-06-16 07:20:00,70.07,99.70
129+04465,2020-06-16 07:30:00,70.10,100.00
129+04465,2020-06-16 07:40:00,71.38,96.60
129+04465,2020-06-16 07:50:00,70.36,94.10
129+04465,2020-06-16 08:00:00,68.23,100.00
129+04465,2020-06-16 08:10:00,69.29,99.00
129+04465,2020-06-16 08:20:00,69.16,98.20
129+04465,2020-06-16 08:30:00,68.22,99.50
129+04465,2020-06-16 08:40:00,69.32,96.70
129+04465,2020-06-16 08:50:00,70.55,88.30
129+04465,2020-06-16 09:00:00,65.79,100.00
129+04465,2020-06-16 09:10:00,71.19,78.20
129+04465,2020-06-16 09:20:00,71.90,67.40
129+04465,2020-06-16 09:30:00,68.74,98.60
129+04465,2020-06-16 09:40:00,68.88,100.00
129+04465,2020-06-16 09:50:00,69.25,98.70
129+04465,2020-06-16 10:00:00,69.49,91.50
129+04465,2020-06-16 10:10:00,72.58,65.70
129+04465,2020-06-16 10:20:00,65.86,100.00
129+04465,2020-06-16 10:30:00,66.84,93.80
129+04465,2020-06-16 10:40:00,70.87,86.10
129+04465,2020-06-16 10:50:00,65.88,98.00
129+04465,2020-06-16 11:00:00,66.04,98.60
129+04465,2020-06-16 11:10:00,66.79,100.00
129+04465,2020-06-16 11:20:00,67.67,95.60
129+04465,2020-06-16 11:30:00,69.38,90.60
129+04465,2020-06-16 11:40:00,70.47,97.40
129+04465,2020-06-16 11:50:00,70.18,94.40
129+04465,2020-06-16 12:00:00,69.34,88.80
129+04465,2020-06-16 12:10:00,65.36,99.90
129+04465,2020-06-16 12:20:00,65.78,100.00
129+04465,2020-06-16 12:30:00,66.72,99.00
129+04465,2020-06-16 12:40:00,70.34,83.80
129+04465,2020-06-16 12:50:00,66.84,92.80
129+04465,2020-06-16 13:00:00,64.56,100.00
129+04465,2020-06-16 13:10:00,68.78,93.40
129+04465,2020-06-16 13:20:00,67.69,100.00
129+04465,2020-06-16 13:30:00,69.54,78.30
129+04465,2020-06-16 13:40:00,67.91,94.90
129+04465,2020-06-16 13:50:00,69.81,80.70
129+04465,2020-06-16 14:00:00,69.79,99.40
129+04465,2020-06-16 14:10:00,69.72,86.80
129+04465,2020-06-16 14:20:00,74.59,75.30
129+04465,2020-06-16 14:30:00,73.44,89.80
129+04465,2020-06-16 14:40:00,69.19,100.00
129+04465,2020-06-16 14:50:00,71.38,96.70
129+04465,2020-06-16 15:00:00,68.36,99.70
129+04465,2020-06-16 15:10:00,66.99,100.00
129+04465,2020-06-16 15:20:00,70.46,92.50
129+04465,2020-06-16 15:30:00,76.44,51.60
129+04465,2020-06-16 15:40:00,69.65,97.20
129+04465,2020-06-16 15:50:00,70.80,100.00
129+04465,2020-06-16 16:00:00,67.19,100.00
129+04465,2020-06-16 16:10:00,69.48,98.40
129+04465,2020-06-16 16:20:00,68.90,97.80
129+04465,2020-06-16 16:30:00,66.46,76.90
129+04465,2020-06-16 16:40:00,69.73,100.00
129+04465,2020-06-16 16:50:00,69.83,93.50
129+04465,2020-06-16 17:00:00,68.87,99.70
129+04465,2020-06-16 17:10:00,74.58,85.90
129+04465,2020-06-16 17:20:00,78.19,84.20
129+04465,2020-06-16 17:30:00,74.56,91.00
129+04465,2020-06-16 17:40:00,71.79,100.00
129+04465,2020-06-16 17:50:00,70.76,97.50
129+04465,2020-06-16 18:00:00,73.40,98.20
129+04465,2020-06-16 18:10:00,69.90,100.00
129+04465,2020-06-16 18:20:00,72.23,93.60
129+04465,2020-06-16 18:30:00,72.88,97.70
129+04465,2020-06-16 18:40:00,80.36,33.40
129+04465,2020-06-16 18:50:00,73.40,82.00
129+04465,2020-06-16 19:00:00,69.31,98.89
129+04465,2020-06-16 19:10:00,65.91,100.00
129+04465,2020-06-16 19:20:00,68.67,100.00
129+04465,2020-06-16 19:30:00,66.05,92.70
129+04465,2020-06-16 19:40:00,66.79,99.40
129+04465,2020-06-16 19:50:00,67.98,100.00
129+04465,2020-06-16 20:00:00,67.59,100.00
129+04465,2020-06-16 20:10:00,69.39,99.50
129+04465,2020-06-16 20:20:00,74.50,51.60
129+04465,2020-06-16 20:30:00,67.70,92.60
129+04465,2020-06-16 20:40:00,64.59,96.10
129+04465,2020-06-16 20:50:00,71.44,75.90
129+04465,2020-06-16 21:00:00,72.79,84.20
129+04465,2020-06-16 21:10:00,71.45,91.70
129+04465,2020-06-16 21:20:00,65.18,100.00
129+04465,2020-06-16 21:30:00,65.07,100.00
129+04465,2020-06-16 21:40:00,67.60,95.90
129+04465,2020-06-16 21:50:00,68.59,95.90
129+04465,2020-06-16 22:00:00,68.00,97.75
129+04465,2020-06-16 22:10:00,67.79,92.00
129+04465,2020-06-16 22:20:00,62.71,97.57
129+04465,2020-06-16 22:30:00,59.58,100.00
129+04465,2020-06-16 22:40:00,66.85,73.00
129+04465,2020-06-16 22:50:00,70.59,55.20
129+04465,2020-06-16 23:00:00,68.37,56.70
129+04465,2020-06-16 23:10:00,67.66,94.30
129+04465,2020-06-16 23:20:00,67.44,97.11
129+04465,2020-06-16 23:30:00,67.00,94.57
129+04465,2020-06-16 23:40:00,,
129+04465,2020-06-16 23:50:00,70.00,95.50
129+04444,2020-06-16 00:00:00,65.50,88.00
129+04444,2020-06-16 00:10:00,69.73,71.38
129+04444,2020-06-16 00:20:00,70.49,71.00
129+04444,2020-06-16 00:30:00,69.00,95.63
129+04444,2020-06-16 00:40:00,,
129+04444,2020-06-16 00:50:00,62.75,51.33
129+04444,2020-06-16 01:00:00,65.20,83.80
129+04444,2020-06-16 01:10:00,64.74,90.33
129+04444,2020-06-16 01:20:00,61.40,76.20
129+04444,2020-06-16 01:30:00,56.45,49.60
129+04444,2020-06-16 01:40:00,61.07,57.10
129+04444,2020-06-16 01:50:00,66.83,62.33
129+04444,2020-06-16 02:00:00,,
129+04444,2020-06-16 02:10:00,68.00,53.00
129+04444,2020-06-16 02:20:00,66.19,81.80
129+04444,2020-06-16 02:30:00,,
129+04444,2020-06-16 02:40:00,65.00,87.33
129+04444,2020-06-16 02:50:00,58.72,51.67
129+04444,2020-06-16 03:00:00,54.73,75.60
129+04444,2020-06-16 03:10:00,63.98,88.44
129+04444,2020-06-16 03:20:00,66.80,92.30
129+04444,2020-06-16 03:30:00,67.93,86.33
129+04444,2020-06-16 03:40:00,71.59,66.40
129+04444,2020-06-16 03:50:00,77.23,23.30
129+04444,2020-06-16 04:00:00,73.61,76.90
129+04444,2020-06-16 04:10:00,74.43,84.30
129+04444,2020-06-16 04:20:00,74.66,91.10
129+04444,2020-06-16 04:30:00,75.29,86.00
129+04444,2020-06-16 04:40:00,75.59,94.90
129+04444,2020-06-16 04:50:00,72.84,97.50
129+04444,2020-06-16 05:00:00,72.49,100.00
129+04444,2020-06-16 05:10:00,71.29,100.00
129+04444,2020-06-16 05:20:00,70.29,100.00
129+04444,2020-06-16 05:30:00,69.80,100.00
129+04444,2020-06-16 05:40:00,69.50,100.00
129+04444,2020-06-16 05:50:00,69.29,100.00
129+04444,2020-06-16 06:00:00,69.50,100.00
129+04444,2020-06-16 06:10:00,69.58,100.00
129+04444,2020-06-16 06:20:00,69.69,100.00
129+04444,2020-06-16 06:30:00,71.09,100.00
129+04444,2020-06-16 06:40:00,68.78,100.00
129+04444,2020-06-16 06:50:00,68.57,100.00
129+04444,2020-06-16 07:00:00,69.99,100.00
129+04444,2020-06-16 07:10:00,69.78,100.00
129+04444,2020-06-16 07:20:00,71.10,100.00
129+04444,2020-06-16 07:30:00,69.58,100.00
129+04444,2020-06-16 07:40:00,68.10,100.00
129+04444,2020-06-16 07:50:00,69.47,100.00
129+04444,2020-06-16 08:00:00,70.90,100.00
129+04444,2020-06-16 08:10:00,67.58,100.00
129+04444,2020-06-16 08:20:00,38.17,100.00
129+04444,2020-06-16 08:30:00,57.11,100.00
129+04444,2020-06-16 08:40:00,69.29,100.00
129+04444,2020-06-16 08:50:00,68.59,98.50
129+04444,2020-06-16 09:00:00,68.59,99.30
129+04444,2020-06-16 09:10:00,67.49,100.00
129+04444,2020-06-16 09:20:00,69.05,100.00
129+04444,2020-06-16 09:30:00,69.50,100.00
129+04444,2020-06-16 09:40:00,66.95,99.90
129+04444,2020-06-16 09:50:00,68.05,100.00
129+04444,2020-06-16 10:00:00,69.39,100.00
129+04444,2020-06-16 10:10:00,69.40,100.00
129+04444,2020-06-16 10:20:00,66.31,100.00
129+04444,2020-06-16 10:30:00,68.46,100.00
129+04444,2020-06-16 10:40:00,68.99,100.00
129+04444,2020-06-16 10:50:00,68.89,100.00
129+04444,2020-06-16 11:00:00,70.70,100.00
129+04444,2020-06-16 11:10:00,68.79,100.00
129+04444,2020-06-16 11:20:00,64.98,100.00
129+04444,2020-06-16 11:30:00,59.94,100.00
129+04444,2020-06-16 11:40:00,58.84,100.00
129+04444,2020-06-16 11:50:00,67.78,100.00
129+04444,2020-06-16 12:00:00,69.89,100.00
129+04444,2020-06-16 12:10:00,67.87,100.00
129+04444,2020-06-16 12:20:00,69.19,100.00
129+04444,2020-06-16 12:30:00,68.17,100.00
129+04444,2020-06-16 12:40:00,68.86,99.30
129+04444,2020-06-16 12:50:00,68.62,97.60
129+04444,2020-06-16 13:00:00,71.66,97.50
129+04444,2020-06-16 13:10:00,69.89,100.00
129+04444,2020-06-16 13:20:00,67.39,100.00
129+04444,2020-06-16 13:30:00,68.56,100.00
129+04444,2020-06-16 13:40:00,70.49,100.00
129+04444,2020-06-16 13:50:00,69.99,100.00
129+04444,2020-06-16 14:00:00,68.97,100.00
129+04444,2020-06-16 14:10:00,67.39,100.00
129+04444,2020-06-16 14:20:00,67.39,100.00
129+04444,2020-06-16 14:30:00,70.30,100.00
129+04444,2020-06-16 14:40:00,68.39,100.00
129+04444,2020-06-16 14:50:00,69.59,100.00
129+04444,2020-06-16 15:00:00,70.49,100.00
129+04444,2020-06-16 15:10:00,69.36,100.00
129+04444,2020-06-16 15:20:00,68.77,100.00
129+04444,2020-06-16 15:30:00,66.70,100.00
129+04444,2020-06-16 15:40:00,68.05,100.00
129+04444,2020-06-16 15:50:00,69.59,100.00
129+04444,2020-06-16 16:00:00,68.99,100.00
129+04444,2020-06-16 16:10:00,71.99,96.40
129+04444,2020-06-16 16:20:00,68.77,96.40
129+04444,2020-06-16 16:30:00,70.98,100.00
129+04444,2020-06-16 16:40:00,71.10,100.00
129+04444,2020-06-16 16:50:00,71.29,100.00
129+04444,2020-06-16 17:00:00,68.87,100.00
129+04444,2020-06-16 17:10:00,67.28,100.00
129+04444,2020-06-16 17:20:00,69.36,100.00
129+04444,2020-06-16 17:30:00,71.99,99.50
129+04444,2020-06-16 17:40:00,72.68,99.90
129+04444,2020-06-16 17:50:00,72.89,95.40
129+04444,2020-06-16 18:00:00,71.68,100.00
129+04444,2020-06-16 18:10:00,71.17,100.00
129+04444,2020-06-16 18:20:00,66.39,100.00
129+04444,2020-06-16 18:30:00,69.99,99.90
129+04444,2020-06-16 18:40:00,71.58,95.90
129+04444,2020-06-16 18:50:00,69.19,100.00
129+04444,2020-06-16 19:00:00,70.32,88.33
129+04444,2020-06-16 19:10:00,71.06,92.80
129+04444,2020-06-16 19:20:00,69.78,100.00
129+04444,2020-06-16 19:30:00,65.68,100.00
129+04444,2020-06-16 19:40:00,68.37,100.00
129+04444,2020-06-16 19:50:00,71.29,96.10
129+04444,2020-06-16 20:00:00,70.49,97.10
129+04444,2020-06-16 20:10:00,73.59,85.00
129+04444,2020-06-16 20:20:00,70.05,66.90
129+04444,2020-06-16 20:30:00,72.04,82.30
129+04444,2020-06-16 20:40:00,69.17,100.00
129+04444,2020-06-16 20:50:00,69.54,89.60
129+04444,2020-06-16 21:00:00,71.57,92.00
129+04444,2020-06-16 21:10:00,72.65,86.60
129+04444,2020-06-16 21:20:00,71.78,97.50
129+04444,2020-06-16 21:30:00,70.66,100.00
129+04444,2020-06-16 21:40:00,66.00,100.00
129+04444,2020-06-16 21:50:00,66.39,100.00
129+04444,2020-06-16 22:00:00,68.84,94.90
129+04444,2020-06-16 22:10:00,70.39,86.20
129+04444,2020-06-16 22:20:00,67.18,96.30
129+04444,2020-06-16 22:30:00,71.06,69.40
129+04444,2020-06-16 22:40:00,65.89,100.00
129+04444,2020-06-16 22:50:00,66.86,99.90
129+04444,2020-06-16 23:00:00,70.00,94.70
129+04444,2020-06-16 23:10:00,69.89,92.20
129+04444,2020-06-16 23:20:00,76.92,34.10
129+04444,2020-06-16 23:30:00,80.69,21.00
129+04444,2020-06-16 23:40:00,75.05,30.20
129+04444,2020-06-16 23:50:00,62.59,36.70
129+04466,2020-06-16 00:00:00,59.84,63.63
129+04466,2020-06-16 00:10:00,54.18,88.10
129+04466,2020-06-16 00:20:00,53.00,81.50
129+04466,2020-06-16 00:30:00,,
129+04466,2020-06-16 00:40:00,66.53,35.00
129+04466,2020-06-16 00:50:00,64.90,54.80
129+04466,2020-06-16 01:00:00,65.00,75.00
129+04466,2020-06-16 01:10:00,,
129+04466,2020-06-16 01:20:00,,
129+04466,2020-06-16 01:30:00,,
129+04466,2020-06-16 01:40:00,,
129+04466,2020-06-16 01:50:00,,
129+04466,2020-06-16 02:00:00,,
129+04466,2020-06-16 02:10:00,,
129+04466,2020-06-16 02:20:00,64.00,100.00
129+04466,2020-06-16 02:30:00,60.69,83.60
129+04466,2020-06-16 02:40:00,63.33,99.00
129+04466,2020-06-16 02:50:00,62.00,100.00
129+04466,2020-06-16 03:00:00,62.60,100.00
129+04466,2020-06-16 03:10:00,63.00,99.00
129+04466,2020-06-16 03:20:00,,
129+04466,2020-06-16 03:30:00,71.00,28.38
129+04466,2020-06-16 03:40:00,71.00,49.25
129+04466,2020-06-16 03:50:00,,
129+04466,2020-06-16 04:00:00,66.94,78.75
129+04466,2020-06-16 04:10:00,67.72,73.60
129+04466,2020-06-16 04:20:00,63.18,64.50
129+04466,2020-06-16 04:30:00,66.64,81.10
129+04466,2020-06-16 04:40:00,69.36,74.30
129+04466,2020-06-16 04:50:00,71.97,66.80
129+04466,2020-06-16 05:00:00,68.94,90.60
129+04466,2020-06-16 05:10:00,69.79,69.20
129+04466,2020-06-16 05:20:00,74.57,55.40
129+04466,2020-06-16 05:30:00,71.05,99.30
129+04466,2020-06-16 05:40:00,69.31,84.30
129+04466,2020-06-16 05:50:00,64.79,47.10
129+04466,2020-06-16 06:00:00,62.96,68.60
129+04466,2020-06-16 06:10:00,67.74,95.40
129+04466,2020-06-16 06:20:00,66.17,100.00
129+04466,2020-06-16 06:30:00,63.19,93.30
129+04466,2020-06-16 06:40:00,67.03,100.00
129+04466,2020-06-16 06:50:00,63.58,95.10
129+04466,2020-06-16 07:00:00,65.98,100.00
129+04466,2020-06-16 07:10:00,67.14,100.00
129+04466,2020-06-16 07:20:00,66.03,100.00
129+04466,2020-06-16 07:30:00,65.15,100.00
129+04466,2020-06-16 07:40:00,66.25,100.00
129+04466,2020-06-16 07:50:00,71.17,67.40
129+04466,2020-06-16 08:00:00,61.73,100.00
129+04466,2020-06-16 08:10:00,62.01,100.00
129+04466,2020-06-16 08:20:00,61.15,87.60
129+04466,2020-06-16 08:30:00,60.58,92.80
129+04466,2020-06-16 08:40:00,64.22,94.90
129+04466,2020-06-16 08:50:00,66.88,67.90
129+04466,2020-06-16 09:00:00,59.35,82.00
129+04466,2020-06-16 09:10:00,61.48,100.00
129+04466,2020-06-16 09:20:00,59.57,77.70
129+04466,2020-06-16 09:30:00,60.72,90.50
129+04466,2020-06-16 09:40:00,60.37,98.10
129+04466,2020-06-16 09:50:00,62.28,100.00
129+04466,2020-06-16 10:00:00,61.27,100.00
129+04466,2020-06-16 10:10:00,65.19,100.00
129+04466,2020-06-16 10:20:00,59.57,89.80
129+04466,2020-06-16 10:30:00,60.38,97.50
129+04466,2020-06-16 10:40:00,60.14,93.70
129+04466,2020-06-16 10:50:00,60.86,100.00
129+04466,2020-06-16 11:00:00,60.59,100.00
129+04466,2020-06-16 11:10:00,61.07,100.00
129+04466,2020-06-16 11:20:00,66.05,92.10
129+04466,2020-06-16 11:30:00,66.59,94.90
129+04466,2020-06-16 11:40:00,62.10,85.90
129+04466,2020-06-16 11:50:00,63.55,92.60
129+04466,2020-06-16 12:00:00,67.91,75.40
129+04466,2020-06-16 12:10:00,64.89,94.80
129+04466,2020-06-16 12:20:00,62.11,89.20
129+04466,2020-06-16 12:30:00,61.98,94.90
129+04466,2020-06-16 12:40:00,63.75,100.00
129+04466,2020-06-16 12:50:00,63.84,100.00
129+04466,2020-06-16 13:00:00,61.38,100.00
129+04466,2020-06-16 13:10:00,63.29,100.00
129+04466,2020-06-16 13:20:00,66.59,100.00
129+04466,2020-06-16 13:30:00,65.99,90.00
129+04466,2020-06-16 13:40:00,64.02,96.90
129+04466,2020-06-16 13:50:00,65.58,81.00
129+04466,2020-06-16 14:00:00,65.72,83.50
129+04466,2020-06-16 14:10:00,65.83,96.90
129+04466,2020-06-16 14:20:00,67.98,97.40
129+04466,2020-06-16 14:30:00,69.65,85.10
129+04466,2020-06-16 14:40:00,67.69,99.80
129+04466,2020-06-16 14:50:00,63.00,100.00
129+04466,2020-06-16 15:00:00,64.49,100.00
129+04466,2020-06-16 15:10:00,64.97,84.70
129+04466,2020-06-16 15:20:00,63.29,100.00
129+04466,2020-06-16 15:30:00,69.89,57.70
129+04466,2020-06-16 15:40:00,65.14,95.80
129+04466,2020-06-16 15:50:00,66.59,100.00
129+04466,2020-06-16 16:00:00,65.07,100.00
129+04466,2020-06-16 16:10:00,66.58,100.00
129+04466,2020-06-16 16:20:00,68.48,94.00
129+04466,2020-06-16 16:30:00,62.71,85.20
129+04466,2020-06-16 16:40:00,65.97,100.00
129+04466,2020-06-16 16:50:00,67.35,100.00
129+04466,2020-06-16 17:00:00,68.08,100.00
129+04466,2020-06-16 17:10:00,69.67,100.00
129+04466,2020-06-16 17:20:00,69.19,100.00
129+04466,2020-06-16 17:30:00,67.89,91.30
129+04466,2020-06-16 17:40:00,70.20,98.30
129+04466,2020-06-16 17:50:00,68.89,86.40
129+04466,2020-06-16 18:00:00,67.33,98.60
129+04466,2020-06-16 18:10:00,68.19,99.60
129+04466,2020-06-16 18:20:00,69.37,97.70
129+04466,2020-06-16 18:30:00,67.03,99.40
129+04466,2020-06-16 18:40:00,79.52,13.20
129+04466,2020-06-16 18:50:00,67.91,66.40
129+04466,2020-06-16 19:00:00,58.00,32.33
129+04466,2020-06-16 19:10:00,63.32,89.20
129+04466,2020-06-16 19:20:00,65.37,100.00
129+04466,2020-06-16 19:30:00,63.65,97.40
129+04466,2020-06-16 19:40:00,63.97,99.11
129+04466,2020-06-16 19:50:00,65.41,100.00
129+04466,2020-06-16 20:00:00,64.39,98.70
129+04466,2020-06-16 20:10:00,63.74,95.60
129+04466,2020-06-16 20:20:00,68.54,100.00
129+04466,2020-06-16 20:30:00,68.28,100.00
129+04466,2020-06-16 20:40:00,67.29,100.00
129+04466,2020-06-16 20:50:00,66.79,100.00
129+04466,2020-06-16 21:00:00,69.35,87.00
129+04466,2020-06-16 21:10:00,67.94,91.30
129+04466,2020-06-16 21:20:00,62.85,100.00
129+04466,2020-06-16 21:30:00,62.06,100.00
129+04466,2020-06-16 21:40:00,64.13,96.60
129+04466,2020-06-16 21:50:00,64.49,100.00
129+04466,2020-06-16 22:00:00,64.00,100.00
129+04466,2020-06-16 22:10:00,61.00,100.00
129+04466,2020-06-16 22:20:00,59.52,100.00
129+04466,2020-06-16 22:30:00,59.29,100.00
129+04466,2020-06-16 22:40:00,67.93,54.40
129+04466,2020-06-16 22:50:00,72.28,33.80
129+04466,2020-06-16 23:00:00,65.70,85.22
129+04466,2020-06-16 23:10:00,65.16,97.10
129+04466,2020-06-16 23:20:00,64.74,86.00
129+04466,2020-06-16 23:30:00,64.00,80.25
129+04466,2020-06-16 23:40:00,,
129+04466,2020-06-16 23:50:00,75.00,
129P04439,2020-06-16 00:00:00,58.81,35.00
129P04439,2020-06-16 00:10:00,81.79,8.70
129P04439,2020-06-16 00:20:00,83.00,36.33
129P04439,2020-06-16 00:30:00,,
129P04439,2020-06-16 00:40:00,,
129P04439,2020-06-16 00:50:00,62.98,49.00
129P04439,2020-06-16 01:00:00,64.00,33.30
129P04439,2020-06-16 01:10:00,63.50,74.50
129P04439,2020-06-16 01:20:00,60.11,82.50
129P04439,2020-06-16 01:30:00,55.47,55.10
129P04439,2020-06-16 01:40:00,67.00,95.60
129P04439,2020-06-16 01:50:00,67.00,97.00
129P04439,2020-06-16 02:00:00,,
129P04439,2020-06-16 02:10:00,,
129P04439,2020-06-16 02:20:00,,
129P04439,2020-06-16 02:30:00,,
129P04439,2020-06-16 02:40:00,,
129P04439,2020-06-16 02:50:00,41.00,97.20
129P04439,2020-06-16 03:00:00,48.62,61.14
129P04439,2020-06-16 03:10:00,63.49,50.80
129P04439,2020-06-16 03:20:00,63.00,66.83
129P04439,2020-06-16 03:30:00,68.56,68.00
129P04439,2020-06-16 03:40:00,67.13,58.00
129P04439,2020-06-16 03:50:00,65.37,82.70
129P04439,2020-06-16 04:00:00,70.79,82.70
129P04439,2020-06-16 04:10:00,72.38,97.60
129P04439,2020-06-16 04:20:00,76.00,90.30
129P04439,2020-06-16 04:30:00,67.80,91.60
129P04439,2020-06-16 04:40:00,70.31,88.80
129P04439,2020-06-16 04:50:00,74.27,82.70
129P04439,2020-06-16 05:00:00,74.19,100.00
129P04439,2020-06-16 05:10:00,70.97,91.20
129P04439,2020-06-16 05:20:00,76.19,92.60
129P04439,2020-06-16 05:30:00,75.63,93.40
129P04439,2020-06-16 05:40:00,74.07,100.00
129P04439,2020-06-16 05:50:00,75.78,100.00
129P04439,2020-06-16 06:00:00,73.43,100.00
129P04439,2020-06-16 06:10:00,69.61,100.00
129P04439,2020-06-16 06:20:00,73.24,100.00
129P04439,2020-06-16 06:30:00,74.21,100.00
129P04439,2020-06-16 06:40:00,71.79,100.00
129P04439,2020-06-16 06:50:00,70.67,100.00
129P04439,2020-06-16 07:00:00,72.58,100.00
129P04439,2020-06-16 07:10:00,70.76,100.00
129P04439,2020-06-16 07:20:00,69.70,100.00
129P04439,2020-06-16 07:30:00,71.13,100.00
129P04439,2020-06-16 07:40:00,72.78,100.00
129P04439,2020-06-16 07:50:00,69.88,99.80
129P04439,2020-06-16 08:00:00,70.00,100.00
129P04439,2020-06-16 08:10:00,71.99,99.60
129P04439,2020-06-16 08:20:00,69.55,100.00
129P04439,2020-06-16 08:30:00,69.38,100.00
129P04439,2020-06-16 08:40:00,68.60,100.00
129P04439,2020-06-16 08:50:00,72.52,91.70
129P04439,2020-06-16 09:00:00,69.29,100.00
129P04439,2020-06-16 09:10:00,67.15,100.00
129P04439,2020-06-16 09:20:00,69.67,96.60
129P04439,2020-06-16 09:30:00,66.13,100.00
129P04439,2020-06-16 09:40:00,69.06,100.00
129P04439,2020-06-16 09:50:00,72.85,86.60
129P04439,2020-06-16 10:00:00,71.18,100.00
129P04439,2020-06-16 10:10:00,72.47,94.30
129P04439,2020-06-16 10:20:00,69.38,100.00
129P04439,2020-06-16 10:30:00,67.96,100.00
129P04439,2020-06-16 10:40:00,71.07,100.00
129P04439,2020-06-16 10:50:00,72.38,99.00
129P04439,2020-06-16 11:00:00,68.73,96.40
129P04439,2020-06-16 11:10:00,72.07,61.50
129P04439,2020-06-16 11:20:00,68.19,99.80
129P04439,2020-06-16 11:30:00,66.97,100.00
129P04439,2020-06-16 11:40:00,69.58,100.00
129P04439,2020-06-16 11:50:00,72.22,79.70
129P04439,2020-06-16 12:00:00,77.67,51.50
129P04439,2020-06-16 12:10:00,76.99,69.60
129P04439,2020-06-16 12:20:00,70.87,100.00
129P04439,2020-06-16 12:30:00,68.08,100.00
129P04439,2020-06-16 12:40:00,70.93,100.00
129P04439,2020-06-16 12:50:00,69.36,97.60
129P04439,2020-06-16 13:00:00,70.00,100.00
129P04439,2020-06-16 13:10:00,72.10,100.00
129P04439,2020-06-16 13:20:00,72.76,93.70
129P04439,2020-06-16 13:30:00,73.47,94.00
129P04439,2020-06-16 13:40:00,68.98,100.00
129P04439,2020-06-16 13:50:00,70.77,100.00
129P04439,2020-06-16 14:00:00,77.34,62.30
129P04439,2020-06-16 14:10:00,69.06,96.80
129P04439,2020-06-16 14:20:00,72.35,95.80
129P04439,2020-06-16 14:30:00,74.99,100.00
129P04439,2020-06-16 14:40:00,74.18,100.00
129P04439,2020-06-16 14:50:00,70.77,100.00
129P04439,2020-06-16 15:00:00,71.53,91.50
129P04439,2020-06-16 15:10:00,68.73,94.60
129P04439,2020-06-16 15:20:00,65.61,100.00
129P04439,2020-06-16 15:30:00,69.83,100.00
129P04439,2020-06-16 15:40:00,71.70,100.00
129P04439,2020-06-16 15:50:00,71.04,100.00
129P04439,2020-06-16 16:00:00,71.86,100.00
129P04439,2020-06-16 16:10:00,73.78,62.30
129P04439,2020-06-16 16:20:00,71.76,100.00
129P04439,2020-06-16 16:30:00,70.71,100.00
129P04439,2020-06-16 16:40:00,74.08,100.00
129P04439,2020-06-16 16:50:00,74.38,99.20
129P04439,2020-06-16 17:00:00,73.39,99.90
129P04439,2020-06-16 17:10:00,72.28,100.00
129P04439,2020-06-16 17:20:00,74.99,100.00
129P04439,2020-06-16 17:30:00,76.49,100.00
129P04439,2020-06-16 17:40:00,71.58,100.00
129P04439,2020-06-16 17:50:00,72.55,100.00
129P04439,2020-06-16 18:00:00,72.23,100.00
129P04439,2020-06-16 18:10:00,73.28,100.00
129P04439,2020-06-16 18:20:00,70.93,96.30
129P04439,2020-06-16 18:30:00,72.35,95.90
129P04439,2020-06-16 18:40:00,71.75,100.00
129P04439,2020-06-16 18:50:00,73.15,68.00
129P04439,2020-06-16 19:00:00,71.00,100.00
129P04439,2020-06-16 19:10:00,68.29,100.00
129P04439,2020-06-16 19:20:00,66.53,92.60
129P04439,2020-06-16 19:30:00,72.58,100.00
129P04439,2020-06-16 19:40:00,71.73,100.00
129P04439,2020-06-16 19:50:00,70.39,100.00
129P04439,2020-06-16 20:00:00,71.99,100.00
129P04439,2020-06-16 20:10:00,70.28,100.00
129P04439,2020-06-16 20:20:00,67.66,88.10
129P04439,2020-06-16 20:30:00,68.97,100.00
129P04439,2020-06-16 20:40:00,70.57,88.00
129P04439,2020-06-16 20:50:00,71.11,86.20
129P04439,2020-06-16 21:00:00,71.10,78.00
129P04439,2020-06-16 21:10:00,70.23,90.50
129P04439,2020-06-16 21:20:00,73.67,95.10
129P04439,2020-06-16 21:30:00,66.58,92.00
129P04439,2020-06-16 21:40:00,64.93,81.70
129P04439,2020-06-16 21:50:00,66.42,87.80
129P04439,2020-06-16 22:00:00,64.37,86.60
129P04439,2020-06-16 22:10:00,65.00,100.00
129P04439,2020-06-16 22:20:00,67.86,36.70
129P04439,2020-06-16 22:30:00,63.22,95.00
129P04439,2020-06-16 22:40:00,66.17,100.00
129P04439,2020-06-16 22:50:00,71.27,100.00
129P04439,2020-06-16 23:00:00,77.14,41.20
129P04439,2020-06-16 23:10:00,74.41,34.60
129P04439,2020-06-16 23:20:00,80.28,42.14
129P04439,2020-06-16 23:30:00,,
129P04439,2020-06-16 23:40:00,68.48,93.88
129P04439,2020-06-16 23:50:00,67.00,89.43
129P04438,2020-06-16 00:00:00,,
129P04438,2020-06-16 00:10:00,69.00,
129P04438,2020-06-16 00:20:00,69.00,
129P04438,2020-06-16 00:30:00,68.90,
129P04438,2020-06-16 00:40:00,68.00,
129P04438,2020-06-16 00:50:00,47.69,100.00
129P04438,2020-06-16 01:00:00,,
129P04438,2020-06-16 01:10:00,57.93,1.00
129P04438,2020-06-16 01:20:00,54.44,73.00
129P04438,2020-06-16 01:30:00,53.83,88.50
129P04438,2020-06-16 01:40:00,,
129P04438,2020-06-16 01:50:00,50.00,
129P04438,2020-06-16 02:00:00,,
129P04438,2020-06-16 02:10:00,44.62,64.22
129P04438,2020-06-16 02:20:00,44.02,96.40
129P04438,2020-06-16 02:30:00,47.37,97.40
129P04438,2020-06-16 02:40:00,45.00,100.00
129P04438,2020-06-16 02:50:00,47.00,99.00
129P04438,2020-06-16 03:00:00,47.49,97.10
129P04438,2020-06-16 03:10:00,48.00,98.80
129P04438,2020-06-16 03:20:00,,
129P04438,2020-06-16 03:30:00,,
129P04438,2020-06-16 03:40:00,,
129P04438,2020-06-16 03:50:00,44.32,97.00
129P04438,2020-06-16 04:00:00,43.00,99.00
129P04438,2020-06-16 04:10:00,45.00,99.75
129P04438,2020-06-16 04:20:00,47.06,95.90
129P04438,2020-06-16 04:30:00,48.00,86.60
129P04438,2020-06-16 04:40:00,47.20,95.80
129P04438,2020-06-16 04:50:00,45.58,96.70
129P04438,2020-06-16 05:00:00,42.86,85.50
129P04438,2020-06-16 05:10:00,45.91,94.90
129P04438,2020-06-16 05:20:00,46.06,97.20
129P04438,2020-06-16 05:30:00,52.00,63.80
129P04438,2020-06-16 05:40:00,53.47,59.60
129P04438,2020-06-16 05:50:00,47.70,89.40
129P04438,2020-06-16 06:00:00,50.77,90.20
129P04438,2020-06-16 06:10:00,50.99,100.00
129P04438,2020-06-16 06:20:00,50.91,100.00
129P04438,2020-06-16 06:30:00,48.27,100.00
129P04438,2020-06-16 06:40:00,48.19,100.00
129P04438,2020-06-16 06:50:00,52.10,100.00
129P04438,2020-06-16 07:00:00,47.58,100.00
129P04438,2020-06-16 07:10:00,46.77,100.00
129P04438,2020-06-16 07:20:00,47.27,100.00
129P04438,2020-06-16 07:30:00,46.37,100.00
129P04438,2020-06-16 07:40:00,46.26,100.00
129P04438,2020-06-16 07:50:00,46.86,100.00
129P04438,2020-06-16 08:00:00,51.21,92.60
129P04438,2020-06-16 08:10:00,50.18,100.00
129P04438,2020-06-16 08:20:00,50.35,100.00
129P04438,2020-06-16 08:30:00,48.54,100.00
129P04438,2020-06-16 08:40:00,46.07,100.00
129P04438,2020-06-16 08:50:00,47.20,100.00
129P04438,2020-06-16 09:00:00,46.66,100.00
129P04438,2020-06-16 09:10:00,47.08,100.00
129P04438,2020-06-16 09:20:00,47.57,100.00
129P04438,2020-06-16 09:30:00,44.95,100.00
129P04438,2020-06-16 09:40:00,43.28,94.90
129P04438,2020-06-16 09:50:00,46.37,100.00
129P04438,2020-06-16 10:00:00,46.48,100.00
129P04438,2020-06-16 10:10:00,45.39,100.00
129P04438,2020-06-16 10:20:00,47.02,100.00
129P04438,2020-06-16 10:30:00,47.52,100.00
129P04438,2020-06-16 10:40:00,49.54,95.20
129P04438,2020-06-16 10:50:00,47.79,100.00
129P04438,2020-06-16 11:00:00,47.00,100.00
129P04438,2020-06-16 11:10:00,46.14,100.00
129P04438,2020-06-16 11:20:00,45.16,100.00
129P04438,2020-06-16 11:30:00,45.98,100.00
129P04438,2020-06-16 11:40:00,47.68,100.00
129P04438,2020-06-16 11:50:00,48.00,100.00
129P04438,2020-06-16 12:00:00,46.46,100.00
129P04438,2020-06-16 12:10:00,47.28,100.00
129P04438,2020-06-16 12:20:00,48.75,100.00
129P04438,2020-06-16 12:30:00,48.38,92.10
129P04438,2020-06-16 12:40:00,46.68,100.00
129P04438,2020-06-16 12:50:00,46.37,100.00
129P04438,2020-06-16 13:00:00,46.79,100.00
129P04438,2020-06-16 13:10:00,47.38,100.00
129P04438,2020-06-16 13:20:00,47.80,100.00
129P04438,2020-06-16 13:30:00,47.59,100.00
129P04438,2020-06-16 13:40:00,46.44,100.00
129P04438,2020-06-16 13:50:00,46.38,100.00
129P04438,2020-06-16 14:00:00,47.09,100.00
129P04438,2020-06-16 14:10:00,45.12,100.00
129P04438,2020-06-16 14:20:00,47.09,100.00
129P04438,2020-06-16 14:30:00,46.67,100.00
129P04438,2020-06-16 14:40:00,47.49,100.00
129P04438,2020-06-16 14:50:00,47.70,100.00
129P04438,2020-06-16 15:00:00,48.19,100.00
129P04438,2020-06-16 15:10:00,44.33,100.00
129P04438,2020-06-16 15:20:00,48.73,100.00
129P04438,2020-06-16 15:30:00,46.33,100.00
129P04438,2020-06-16 15:40:00,47.18,100.00
129P04438,2020-06-16 15:50:00,47.49,100.00
129P04438,2020-06-16 16:00:00,45.33,100.00
129P04438,2020-06-16 16:10:00,45.17,100.00
129P04438,2020-06-16 16:20:00,42.45,100.00
129P04438,2020-06-16 16:30:00,44.18,100.00
129P04438,2020-06-16 16:40:00,45.97,100.00
129P04438,2020-06-16 16:50:00,44.52,100.00
129P04438,2020-06-16 17:00:00,42.71,100.00
129P04438,2020-06-16 17:10:00,43.90,100.00
129P04438,2020-06-16 17:20:00,46.72,100.00
129P04438,2020-06-16 17:30:00,46.66,100.00
129P04438,2020-06-16 17:40:00,46.15,100.00
129P04438,2020-06-16 17:50:00,46.67,100.00
129P04438,2020-06-16 18:00:00,47.82,100.00
129P04438,2020-06-16 18:10:00,46.07,100.00
129P04438,2020-06-16 18:20:00,46.36,100.00
129P04438,2020-06-16 18:30:00,45.96,100.00
129P04438,2020-06-16 18:40:00,48.00,90.60
129P04438,2020-06-16 18:50:00,47.37,100.00
129P04438,2020-06-16 19:00:00,41.77,100.00
129P04438,2020-06-16 19:10:00,45.00,100.00
129P04438,2020-06-16 19:20:00,53.50,63.30
129P04438,2020-06-16 19:30:00,48.13,96.20
129P04438,2020-06-16 19:40:00,46.84,90.40
129P04438,2020-06-16 19:50:00,56.05,52.90
129P04438,2020-06-16 20:00:00,47.35,100.00
129P04438,2020-06-16 20:10:00,51.46,100.00
129P04438,2020-06-16 20:20:00,49.73,100.00
129P04438,2020-06-16 20:30:00,49.25,100.00
129P04438,2020-06-16 20:40:00,47.28,100.00
129P04438,2020-06-16 20:50:00,47.09,100.00
129P04438,2020-06-16 21:00:00,43.98,100.00
129P04438,2020-06-16 21:10:00,45.99,100.00
129P04438,2020-06-16 21:20:00,44.35,100.00
129P04438,2020-06-16 21:30:00,44.52,100.00
129P04438,2020-06-16 21:40:00,45.98,100.00
129P04438,2020-06-16 21:50:00,45.20,87.30
129P04438,2020-06-16 22:00:00,47.73,69.00
129P04438,2020-06-16 22:10:00,46.84,93.10
129P04438,2020-06-16 22:20:00,46.29,95.44
129P04438,2020-06-16 22:30:00,52.00,75.40
129P04438,2020-06-16 22:40:00,40.70,51.86
129P04438,2020-06-16 22:50:00,48.07,100.00
129P04438,2020-06-16 23:00:00,48.58,97.40
129P04438,2020-06-16 23:10:00,50.21,81.00
129P04438,2020-06-16 23:20:00,52.45,62.90
129P04438,2020-06-16 23:30:00,57.59,27.90
129P04438,2020-06-16 23:40:00,45.55,41.90
129P04438,2020-06-16 23:50:00,43.00,40.25
129+04445,2020-06-16 00:00:00,70.71,42.00
129+04445,2020-06-16 00:10:00,72.11,54.70
129+04445,2020-06-16 00:20:00,68.00,96.63
129+04445,2020-06-16 00:30:00,67.74,96.50
129+04445,2020-06-16 00:40:00,58.75,34.80
129+04445,2020-06-16 00:50:00,60.65,60.11
129+04445,2020-06-16 01:00:00,59.75,73.00
129+04445,2020-06-16 01:10:00,61.48,78.30
129+04445,2020-06-16 01:20:00,63.76,85.40
129+04445,2020-06-16 01:30:00,59.96,91.00
129+04445,2020-06-16 01:40:00,66.19,65.80
129+04445,2020-06-16 01:50:00,66.00,69.50
129+04445,2020-06-16 02:00:00,,
129+04445,2020-06-16 02:10:00,,
129+04445,2020-06-16 02:20:00,65.00,95.33
129+04445,2020-06-16 02:30:00,65.00,96.67
129+04445,2020-06-16 02:40:00,65.00,98.17
129+04445,2020-06-16 02:50:00,70.63,59.78
129+04445,2020-06-16 03:00:00,69.39,89.00
129+04445,2020-06-16 03:10:00,64.07,67.00
129+04445,2020-06-16 03:20:00,65.10,89.50
129+04445,2020-06-16 03:30:00,62.16,64.50
129+04445,2020-06-16 03:40:00,70.66,63.00
129+04445,2020-06-16 03:50:00,73.65,42.80
129+04445,2020-06-16 04:00:00,70.41,69.60
129+04445,2020-06-16 04:10:00,67.30,80.90
129+04445,2020-06-16 04:20:00,70.68,97.20
129+04445,2020-06-16 04:30:00,70.18,94.00
129+04445,2020-06-16 04:40:00,71.97,84.60
129+04445,2020-06-16 04:50:00,71.24,90.30
129+04445,2020-06-16 05:00:00,75.50,96.20
129+04445,2020-06-16 05:10:00,73.82,100.00
129+04445,2020-06-16 05:20:00,71.40,100.00
129+04445,2020-06-16 05:30:00,70.70,100.00
129+04445,2020-06-16 05:40:00,70.69,100.00
129+04445,2020-06-16 05:50:00,70.88,99.90
129+04445,2020-06-16 06:00:00,70.19,100.00
129+04445,2020-06-16 06:10:00,69.04,99.20
129+04445,2020-06-16 06:20:00,70.07,100.00
129+04445,2020-06-16 06:30:00,70.17,100.00
129+04445,2020-06-16 06:40:00,70.73,100.00
129+04445,2020-06-16 06:50:00,68.57,100.00
129+04445,2020-06-16 07:00:00,67.67,100.00
129+04445,2020-06-16 07:10:00,67.95,100.00
129+04445,2020-06-16 07:20:00,71.34,100.00
129+04445,2020-06-16 07:30:00,68.79,100.00
129+04445,2020-06-16 07:40:00,67.08,100.00
129+04445,2020-06-16 07:50:00,67.07,100.00
129+04445,2020-06-16 08:00:00,68.09,100.00
129+04445,2020-06-16 08:10:00,67.34,100.00
129+04445,2020-06-16 08:20:00,66.40,100.00
129+04445,2020-06-16 08:30:00,45.41,100.00
129+04445,2020-06-16 08:40:00,39.67,100.00
129+04445,2020-06-16 08:50:00,64.07,100.00
129+04445,2020-06-16 09:00:00,68.48,100.00
129+04445,2020-06-16 09:10:00,65.67,100.00
129+04445,2020-06-16 09:20:00,69.69,100.00
129+04445,2020-06-16 09:30:00,69.49,98.20
129+04445,2020-06-16 09:40:00,64.86,100.00
129+04445,2020-06-16 09:50:00,69.79,100.00
129+04445,2020-06-16 10:00:00,67.58,100.00
129+04445,2020-06-16 10:10:00,68.66,100.00
129+04445,2020-06-16 10:20:00,65.07,100.00
129+04445,2020-06-16 10:30:00,67.47,98.50
129+04445,2020-06-16 10:40:00,68.28,100.00
129+04445,2020-06-16 10:50:00,67.79,100.00
129+04445,2020-06-16 11:00:00,70.29,100.00
129+04445,2020-06-16 11:10:00,70.89,100.00
129+04445,2020-06-16 11:20:00,69.58,100.00
129+04445,2020-06-16 11:30:00,66.56,100.00
129+04445,2020-06-16 11:40:00,60.29,100.00
129+04445,2020-06-16 11:50:00,37.36,100.00
129+04445,2020-06-16 12:00:00,46.28,100.00
129+04445,2020-06-16 12:10:00,63.78,100.00
129+04445,2020-06-16 12:20:00,68.20,100.00
129+04445,2020-06-16 12:30:00,68.79,100.00
129+04445,2020-06-16 12:40:00,69.65,98.50
129+04445,2020-06-16 12:50:00,66.48,100.00
129+04445,2020-06-16 13:00:00,67.39,100.00
129+04445,2020-06-16 13:10:00,67.59,100.00
129+04445,2020-06-16 13:20:00,65.17,100.00
129+04445,2020-06-16 13:30:00,65.41,100.00
129+04445,2020-06-16 13:40:00,68.88,100.00
129+04445,2020-06-16 13:50:00,67.33,100.00
129+04445,2020-06-16 14:00:00,69.89,99.50
129+04445,2020-06-16 14:10:00,66.98,100.00
129+04445,2020-06-16 14:20:00,67.19,100.00
129+04445,2020-06-16 14:30:00,69.24,100.00
129+04445,2020-06-16 14:40:00,69.79,100.00
129+04445,2020-06-16 14:50:00,69.39,100.00
129+04445,2020-06-16 15:00:00,68.77,100.00
129+04445,2020-06-16 15:10:00,67.38,100.00
129+04445,2020-06-16 15:20:00,68.38,100.00
129+04445,2020-06-16 15:30:00,69.27,100.00
129+04445,2020-06-16 15:40:00,65.73,100.00
129+04445,2020-06-16 15:50:00,68.25,100.00
129+04445,2020-06-16 16:00:00,68.27,100.00
129+04445,2020-06-16 16:10:00,68.29,100.00
129+04445,2020-06-16 16:20:00,67.89,100.00
129+04445,2020-06-16 16:30:00,66.97,100.00
129+04445,2020-06-16 16:40:00,69.38,100.00
129+04445,2020-06-16 16:50:00,69.87,100.00
129+04445,2020-06-16 17:00:00,70.44,100.00
129+04445,2020-06-16 17:10:00,69.18,100.00
129+04445,2020-06-16 17:20:00,66.65,100.00
129+04445,2020-06-16 17:30:00,72.18,100.00
129+04445,2020-06-16 17:40:00,69.98,100.00
129+04445,2020-06-16 17:50:00,69.47,100.00
129+04445,2020-06-16 18:00:00,70.69,100.00
129+04445,2020-06-16 18:10:00,72.08,94.60
129+04445,2020-06-16 18:20:00,68.66,100.00
129+04445,2020-06-16 18:30:00,66.89,100.00
129+04445,2020-06-16 18:40:00,69.30,99.10
129+04445,2020-06-16 18:50:00,71.34,87.10
129+04445,2020-06-16 19:00:00,71.84,94.89
129+04445,2020-06-16 19:10:00,72.77,76.90
129+04445,2020-06-16 19:20:00,67.87,100.00
129+04445,2020-06-16 19:30:00,65.99,100.00
129+04445,2020-06-16 19:40:00,67.56,100.00
129+04445,2020-06-16 19:50:00,69.87,100.00
129+04445,2020-06-16 20:00:00,65.78,69.00
129+04445,2020-06-16 20:10:00,69.79,96.20
129+04445,2020-06-16 20:20:00,65.83,90.90
129+04445,2020-06-16 20:30:00,64.97,92.00
129+04445,2020-06-16 20:40:00,68.19,100.00
129+04445,2020-06-16 20:50:00,66.46,97.50
129+04445,2020-06-16 21:00:00,65.23,100.00
129+04445,2020-06-16 21:10:00,68.31,84.40
129+04445,2020-06-16 21:20:00,62.90,76.00
129+04445,2020-06-16 21:30:00,67.32,80.90
129+04445,2020-06-16 21:40:00,66.08,100.00
129+04445,2020-06-16 21:50:00,67.37,79.20
129+04445,2020-06-16 22:00:00,67.43,91.20
129+04445,2020-06-16 22:10:00,66.00,100.00
129+04445,2020-06-16 22:20:00,65.68,98.20
129+04445,2020-06-16 22:30:00,70.45,76.70
129+04445,2020-06-16 22:40:00,67.73,95.00
129+04445,2020-06-16 22:50:00,64.74,98.10
129+04445,2020-06-16 23:00:00,65.96,96.60
129+04445,2020-06-16 23:10:00,69.59,87.80
129+04445,2020-06-16 23:20:00,67.61,96.50
129+04445,2020-06-16 23:30:00,66.09,81.90
129+04445,2020-06-16 23:40:00,57.37,35.50
129+04445,2020-06-16 23:50:00,68.94,51.90
129P04437,2020-06-16 00:00:00,,
129P04437,2020-06-16 00:10:00,69.00,
129P04437,2020-06-16 00:20:00,69.00,
129P04437,2020-06-16 00:30:00,68.90,
129P04437,2020-06-16 00:40:00,68.00,
129P04437,2020-06-16 00:50:00,55.02,100.00
129P04437,2020-06-16 01:00:00,,
129P04437,2020-06-16 01:10:00,61.06,1.00
129P04437,2020-06-16 01:20:00,71.00,60.20
129P04437,2020-06-16 01:30:00,65.79,96.43
129P04437,2020-06-16 01:40:00,,
129P04437,2020-06-16 01:50:00,64.00,
129P04437,2020-06-16 02:00:00,64.00,
129P04437,2020-06-16 02:10:00,56.71,53.56
129P04437,2020-06-16 02:20:00,54.16,91.60
129P04437,2020-06-16 02:30:00,56.20,99.20
129P04437,2020-06-16 02:40:00,57.00,96.00
129P04437,2020-06-16 02:50:00,56.00,100.00
129P04437,2020-06-16 03:00:00,56.00,100.00
129P04437,2020-06-16 03:10:00,56.00,100.00
129P04437,2020-06-16 03:20:00,,
129P04437,2020-06-16 03:30:00,55.00,
129P04437,2020-06-16 03:40:00,55.00,
129P04437,2020-06-16 03:50:00,57.00,99.00
129P04437,2020-06-16 04:00:00,,
129P04437,2020-06-16 04:10:00,,
129P04437,2020-06-16 04:20:00,,
129P04437,2020-06-16 04:30:00,62.00,89.60
129P04437,2020-06-16 04:40:00,56.03,75.50
129P04437,2020-06-16 04:50:00,55.87,94.38
129P04437,2020-06-16 05:00:00,56.56,96.00
129P04437,2020-06-16 05:10:00,60.74,75.80
129P04437,2020-06-16 05:20:00,57.15,93.50
129P04437,2020-06-16 05:30:00,60.23,74.70
129P04437,2020-06-16 05:40:00,62.27,75.10
129P04437,2020-06-16 05:50:00,57.40,83.60
129P04437,2020-06-16 06:00:00,58.15,95.70
129P04437,2020-06-16 06:10:00,65.19,55.40
129P04437,2020-06-16 06:20:00,62.76,94.20
129P04437,2020-06-16 06:30:00,60.68,100.00
129P04437,2020-06-16 06:40:00,61.69,100.00
129P04437,2020-06-16 06:50:00,61.19,100.00
129P04437,2020-06-16 07:00:00,59.66,100.00
129P04437,2020-06-16 07:10:00,59.29,100.00
129P04437,2020-06-16 07:20:00,57.35,100.00
129P04437,2020-06-16 07:30:00,59.05,100.00
129P04437,2020-06-16 07:40:00,58.38,100.00
129P04437,2020-06-16 07:50:00,61.34,71.80
129P04437,2020-06-16 08:00:00,60.76,94.90
129P04437,2020-06-16 08:10:00,59.58,100.00
129P04437,2020-06-16 08:20:00,59.54,100.00
129P04437,2020-06-16 08:30:00,59.65,99.30
129P04437,2020-06-16 08:40:00,58.07,100.00
129P04437,2020-06-16 08:50:00,58.48,100.00
129P04437,2020-06-16 09:00:00,62.16,100.00
129P04437,2020-06-16 09:10:00,59.65,100.00
129P04437,2020-06-16 09:20:00,60.27,100.00
129P04437,2020-06-16 09:30:00,56.08,100.00
129P04437,2020-06-16 09:40:00,58.78,100.00
129P04437,2020-06-16 09:50:00,57.30,100.00
129P04437,2020-06-16 10:00:00,56.19,100.00
129P04437,2020-06-16 10:10:00,55.69,100.00
129P04437,2020-06-16 10:20:00,56.98,100.00
129P04437,2020-06-16 10:30:00,59.68,88.50
129P04437,2020-06-16 10:40:00,58.86,92.80
129P04437,2020-06-16 10:50:00,58.78,99.30
129P04437,2020-06-16 11:00:00,57.20,100.00
129P04437,2020-06-16 11:10:00,55.38,100.00
129P04437,2020-06-16 11:20:00,58.14,90.30
129P04437,2020-06-16 11:30:00,56.19,100.00
129P04437,2020-06-16 11:40:00,55.17,100.00
129P04437,2020-06-16 11:50:00,58.94,87.10
129P04437,2020-06-16 12:00:00,57.47,100.00
129P04437,2020-06-16 12:10:00,57.10,100.00
129P04437,2020-06-16 12:20:00,57.79,100.00
129P04437,2020-06-16 12:30:00,61.25,83.10
129P04437,2020-06-16 12:40:00,56.36,100.00
129P04437,2020-06-16 12:50:00,57.10,100.00
129P04437,2020-06-16 13:00:00,58.06,97.40
129P04437,2020-06-16 13:10:00,57.30,100.00
129P04437,2020-06-16 13:20:00,58.67,100.00
129P04437,2020-06-16 13:30:00,59.19,100.00
129P04437,2020-06-16 13:40:00,58.51,100.00
129P04437,2020-06-16 13:50:00,57.78,100.00
129P04437,2020-06-16 14:00:00,56.50,100.00
129P04437,2020-06-16 14:10:00,55.38,100.00
129P04437,2020-06-16 14:20:00,58.08,100.00
129P04437,2020-06-16 14:30:00,57.84,98.00
129P04437,2020-06-16 14:40:00,56.89,100.00
129P04437,2020-06-16 14:50:00,58.78,98.90
129P04437,2020-06-16 15:00:00,57.40,100.00
129P04437,2020-06-16 15:10:00,55.18,100.00
129P04437,2020-06-16 15:20:00,60.10,91.70
129P04437,2020-06-16 15:30:00,56.80,100.00
129P04437,2020-06-16 15:40:00,57.10,100.00
129P04437,2020-06-16 15:50:00,57.30,100.00
129P04437,2020-06-16 16:00:00,56.17,100.00
129P04437,2020-06-16 16:10:00,57.29,100.00
129P04437,2020-06-16 16:20:00,54.66,100.00
129P04437,2020-06-16 16:30:00,59.15,100.00
129P04437,2020-06-16 16:40:00,59.49,100.00
129P04437,2020-06-16 16:50:00,56.79,100.00
129P04437,2020-06-16 17:00:00,57.70,99.00
129P04437,2020-06-16 17:10:00,56.99,99.50
129P04437,2020-06-16 17:20:00,57.64,97.30
129P04437,2020-06-16 17:30:00,61.19,100.00
129P04437,2020-06-16 17:40:00,57.40,100.00
129P04437,2020-06-16 17:50:00,57.83,100.00
129P04437,2020-06-16 18:00:00,59.18,100.00
129P04437,2020-06-16 18:10:00,58.10,100.00
129P04437,2020-06-16 18:20:00,57.09,100.00
129P04437,2020-06-16 18:30:00,59.08,85.60
129P04437,2020-06-16 18:40:00,59.40,92.70
129P04437,2020-06-16 18:50:00,59.47,100.00
129P04437,2020-06-16 19:00:00,58.73,76.22
129P04437,2020-06-16 19:10:00,59.49,100.00
129P04437,2020-06-16 19:20:00,59.95,96.60
129P04437,2020-06-16 19:30:00,56.73,100.00
129P04437,2020-06-16 19:40:00,57.96,93.20
129P04437,2020-06-16 19:50:00,62.03,72.40
129P04437,2020-06-16 20:00:00,60.28,100.00
129P04437,2020-06-16 20:10:00,61.68,100.00
129P04437,2020-06-16 20:20:00,62.08,100.00
129P04437,2020-06-16 20:30:00,58.63,100.00
129P04437,2020-06-16 20:40:00,62.67,100.00
129P04437,2020-06-16 20:50:00,57.75,100.00
129P04437,2020-06-16 21:00:00,55.78,100.00
129P04437,2020-06-16 21:10:00,56.67,100.00
129P04437,2020-06-16 21:20:00,53.78,91.10
129P04437,2020-06-16 21:30:00,54.76,92.70
129P04437,2020-06-16 21:40:00,57.19,100.00
129P04437,2020-06-16 21:50:00,56.72,88.80
129P04437,2020-06-16 22:00:00,61.78,60.60
129P04437,2020-06-16 22:10:00,60.68,82.70
129P04437,2020-06-16 22:20:00,69.66,28.25
129P04437,2020-06-16 22:30:00,71.00,49.50
129P04437,2020-06-16 22:40:00,51.26,34.00
129P04437,2020-06-16 22:50:00,56.93,99.80
129P04437,2020-06-16 23:00:00,59.61,92.00
129P04437,2020-06-16 23:10:00,65.71,65.50
129P04437,2020-06-16 23:20:00,70.74,54.20
129P04437,2020-06-16 23:30:00,68.12,80.70
129P04437,2020-06-16 23:40:00,71.00,81.75
129P04437,2020-06-16 23:50:00,,
129+04446,2020-06-16 00:00:00,72.46,64.30
129+04446,2020-06-16 00:10:00,75.88,37.40
129+04446,2020-06-16 00:20:00,75.00,62.38
129+04446,2020-06-16 00:30:00,69.48,90.83
129+04446,2020-06-16 00:40:00,68.14,75.71
129+04446,2020-06-16 00:50:00,69.00,72.50
129+04446,2020-06-16 01:00:00,69.86,93.63
129+04446,2020-06-16 01:10:00,66.34,77.50
129+04446,2020-06-16 01:20:00,66.59,91.80
129+04446,2020-06-16 01:30:00,64.58,82.10
129+04446,2020-06-16 01:40:00,72.50,55.60
129+04446,2020-06-16 01:50:00,73.99,52.50
129+04446,2020-06-16 02:00:00,,
129+04446,2020-06-16 02:10:00,,
129+04446,2020-06-16 02:20:00,67.00,55.67
129+04446,2020-06-16 02:30:00,67.00,62.00
129+04446,2020-06-16 02:40:00,,
129+04446,2020-06-16 02:50:00,71.68,77.40
129+04446,2020-06-16 03:00:00,71.99,88.30
129+04446,2020-06-16 03:10:00,69.86,90.20
129+04446,2020-06-16 03:20:00,66.48,70.10
129+04446,2020-06-16 03:30:00,66.40,63.75
129+04446,2020-06-16 03:40:00,73.99,70.00
129+04446,2020-06-16 03:50:00,77.65,38.80
129+04446,2020-06-16 04:00:00,77.69,53.60
129+04446,2020-06-16 04:10:00,74.75,83.20
129+04446,2020-06-16 04:20:00,74.48,99.20
129+04446,2020-06-16 04:30:00,72.38,81.90
129+04446,2020-06-16 04:40:00,73.82,83.30
129+04446,2020-06-16 04:50:00,72.08,98.30
129+04446,2020-06-16 05:00:00,75.70,100.00
129+04446,2020-06-16 05:10:00,77.08,100.00
129+04446,2020-06-16 05:20:00,74.90,100.00
129+04446,2020-06-16 05:30:00,73.09,100.00
129+04446,2020-06-16 05:40:00,72.70,100.00
129+04446,2020-06-16 05:50:00,73.67,100.00
129+04446,2020-06-16 06:00:00,73.59,100.00
129+04446,2020-06-16 06:10:00,72.38,100.00
129+04446,2020-06-16 06:20:00,71.08,100.00
129+04446,2020-06-16 06:30:00,72.26,100.00
129+04446,2020-06-16 06:40:00,73.26,100.00
129+04446,2020-06-16 06:50:00,70.59,100.00
129+04446,2020-06-16 07:00:00,71.59,100.00
129+04446,2020-06-16 07:10:00,70.89,100.00
129+04446,2020-06-16 07:20:00,72.39,100.00
129+04446,2020-06-16 07:30:00,72.29,100.00
129+04446,2020-06-16 07:40:00,71.00,100.00
129+04446,2020-06-16 07:50:00,71.59,100.00
129+04446,2020-06-16 08:00:00,72.20,100.00
129+04446,2020-06-16 08:10:00,71.58,100.00
129+04446,2020-06-16 08:20:00,71.36,100.00
129+04446,2020-06-16 08:30:00,70.56,100.00
129+04446,2020-06-16 08:40:00,62.72,100.00
129+04446,2020-06-16 08:50:00,42.80,100.00
129+04446,2020-06-16 09:00:00,39.29,100.00
129+04446,2020-06-16 09:10:00,41.72,100.00
129+04446,2020-06-16 09:20:00,69.97,100.00
129+04446,2020-06-16 09:30:00,75.49,100.00
129+04446,2020-06-16 09:40:00,72.59,100.00
129+04446,2020-06-16 09:50:00,72.98,100.00
129+04446,2020-06-16 10:00:00,74.19,100.00
129+04446,2020-06-16 10:10:00,73.89,100.00
129+04446,2020-06-16 10:20:00,70.58,100.00
129+04446,2020-06-16 10:30:00,69.40,100.00
129+04446,2020-06-16 10:40:00,70.99,100.00
129+04446,2020-06-16 10:50:00,73.39,100.00
129+04446,2020-06-16 11:00:00,75.65,100.00
129+04446,2020-06-16 11:10:00,74.57,100.00
129+04446,2020-06-16 11:20:00,73.18,100.00
129+04446,2020-06-16 11:30:00,72.86,100.00
129+04446,2020-06-16 11:40:00,71.99,100.00
129+04446,2020-06-16 11:50:00,72.66,100.00
129+04446,2020-06-16 12:00:00,70.39,100.00
129+04446,2020-06-16 12:10:00,67.61,100.00
129+04446,2020-06-16 12:20:00,67.16,100.00
129+04446,2020-06-16 12:30:00,66.58,100.00
129+04446,2020-06-16 12:40:00,68.86,100.00
129+04446,2020-06-16 12:50:00,71.10,100.00
129+04446,2020-06-16 13:00:00,71.10,99.90
129+04446,2020-06-16 13:10:00,70.29,100.00
129+04446,2020-06-16 13:20:00,72.25,100.00
129+04446,2020-06-16 13:30:00,70.57,100.00
129+04446,2020-06-16 13:40:00,73.89,100.00
129+04446,2020-06-16 13:50:00,73.25,100.00
129+04446,2020-06-16 14:00:00,72.64,100.00
129+04446,2020-06-16 14:10:00,69.08,100.00
129+04446,2020-06-16 14:20:00,69.89,100.00
129+04446,2020-06-16 14:30:00,70.42,100.00
129+04446,2020-06-16 14:40:00,72.39,100.00
129+04446,2020-06-16 14:50:00,73.05,100.00
129+04446,2020-06-16 15:00:00,77.36,98.60
129+04446,2020-06-16 15:10:00,71.48,100.00
129+04446,2020-06-16 15:20:00,73.18,100.00
129+04446,2020-06-16 15:30:00,73.38,100.00
129+04446,2020-06-16 15:40:00,74.48,100.00
129+04446,2020-06-16 15:50:00,74.29,100.00
129+04446,2020-06-16 16:00:00,74.09,100.00
129+04446,2020-06-16 16:10:00,71.69,100.00
129+04446,2020-06-16 16:20:00,72.89,100.00
129+04446,2020-06-16 16:30:00,74.38,100.00
129+04446,2020-06-16 16:40:00,74.29,100.00
129+04446,2020-06-16 16:50:00,72.36,100.00
129+04446,2020-06-16 17:00:00,74.89,100.00
129+04446,2020-06-16 17:10:00,72.70,100.00
129+04446,2020-06-16 17:20:00,73.89,99.80
129+04446,2020-06-16 17:30:00,75.60,100.00
129+04446,2020-06-16 17:40:00,76.09,100.00
129+04446,2020-06-16 17:50:00,75.60,100.00
129+04446,2020-06-16 18:00:00,75.18,100.00
129+04446,2020-06-16 18:10:00,76.59,100.00
129+04446,2020-06-16 18:20:00,74.79,100.00
129+04446,2020-06-16 18:30:00,74.99,99.00
129+04446,2020-06-16 18:40:00,73.35,99.20
129+04446,2020-06-16 18:50:00,73.88,98.00
129+04446,2020-06-16 19:00:00,73.81,100.00
129+04446,2020-06-16 19:10:00,75.79,91.80
129+04446,2020-06-16 19:20:00,74.19,100.00
129+04446,2020-06-16 19:30:00,72.61,100.00
129+04446,2020-06-16 19:40:00,72.89,100.00
129+04446,2020-06-16 19:50:00,73.86,100.00
129+04446,2020-06-16 20:00:00,76.10,93.80
129+04446,2020-06-16 20:10:00,74.77,98.90
129+04446,2020-06-16 20:20:00,73.28,91.70
129+04446,2020-06-16 20:30:00,69.00,78.40
129+04446,2020-06-16 20:40:00,74.76,98.90
129+04446,2020-06-16 20:50:00,73.07,95.80
129+04446,2020-06-16 21:00:00,73.47,100.00
129+04446,2020-06-16 21:10:00,72.59,100.00
129+04446,2020-06-16 21:20:00,69.63,84.10
129+04446,2020-06-16 21:30:00,70.40,95.30
129+04446,2020-06-16 21:40:00,75.98,69.00
129+04446,2020-06-16 21:50:00,74.90,87.50
129+04446,2020-06-16 22:00:00,73.48,88.80
129+04446,2020-06-16 22:10:00,72.50,98.70
129+04446,2020-06-16 22:20:00,73.07,97.00
129+04446,2020-06-16 22:30:00,73.25,92.10
129+04446,2020-06-16 22:40:00,72.05,87.70
129+04446,2020-06-16 22:50:00,69.85,98.70
129+04446,2020-06-16 23:00:00,68.46,81.70
129+04446,2020-06-16 23:10:00,70.80,98.80
129+04446,2020-06-16 23:20:00,74.15,71.50
129+04446,2020-06-16 23:30:00,77.16,49.00
129+04446,2020-06-16 23:40:00,79.99,42.57
129+04446,2020-06-16 23:50:00,76.99,88.67
129+04468,2020-06-16 00:00:00,63.89,67.40
129+04468,2020-06-16 00:10:00,54.68,66.60
129+04468,2020-06-16 00:20:00,55.59,78.30
129+04468,2020-06-16 00:30:00,,
129+04468,2020-06-16 00:40:00,63.00,64.00
129+04468,2020-06-16 00:50:00,62.16,71.40
129+04468,2020-06-16 01:00:00,57.65,97.50
129+04468,2020-06-16 01:10:00,57.00,89.50
129+04468,2020-06-16 01:20:00,58.93,92.30
129+04468,2020-06-16 01:30:00,61.98,95.88
129+04468,2020-06-16 01:40:00,63.00,93.38
129+04468,2020-06-16 01:50:00,,
129+04468,2020-06-16 02:00:00,,
129+04468,2020-06-16 02:10:00,,
129+04468,2020-06-16 02:20:00,63.00,97.71
129+04468,2020-06-16 02:30:00,61.48,92.89
129+04468,2020-06-16 02:40:00,63.00,99.67
129+04468,2020-06-16 02:50:00,61.00,99.00
129+04468,2020-06-16 03:00:00,62.39,99.40
129+04468,2020-06-16 03:10:00,63.20,99.40
129+04468,2020-06-16 03:20:00,,
129+04468,2020-06-16 03:30:00,69.48,58.38
129+04468,2020-06-16 03:40:00,68.16,78.80
129+04468,2020-06-16 03:50:00,,
129+04468,2020-06-16 04:00:00,70.05,81.50
129+04468,2020-06-16 04:10:00,72.30,75.50
129+04468,2020-06-16 04:20:00,63.19,51.60
129+04468,2020-06-16 04:30:00,68.65,91.80
129+04468,2020-06-16 04:40:00,68.92,88.90
129+04468,2020-06-16 04:50:00,70.54,88.60
129+04468,2020-06-16 05:00:00,69.99,100.00
129+04468,2020-06-16 05:10:00,71.95,87.20
129+04468,2020-06-16 05:20:00,70.41,88.00
129+04468,2020-06-16 05:30:00,69.49,100.00
129+04468,2020-06-16 05:40:00,70.94,98.30
129+04468,2020-06-16 05:50:00,69.36,97.10
129+04468,2020-06-16 06:00:00,65.36,90.10
129+04468,2020-06-16 06:10:00,68.25,100.00
129+04468,2020-06-16 06:20:00,66.90,100.00
129+04468,2020-06-16 06:30:00,64.17,100.00
129+04468,2020-06-16 06:40:00,65.47,100.00
129+04468,2020-06-16 06:50:00,64.51,100.00
129+04468,2020-06-16 07:00:00,66.97,100.00
129+04468,2020-06-16 07:10:00,66.39,100.00
129+04468,2020-06-16 07:20:00,66.22,100.00
129+04468,2020-06-16 07:30:00,66.28,100.00
129+04468,2020-06-16 07:40:00,64.98,100.00
129+04468,2020-06-16 07:50:00,64.19,100.00
129+04468,2020-06-16 08:00:00,62.15,100.00
129+04468,2020-06-16 08:10:00,61.79,100.00
129+04468,2020-06-16 08:20:00,60.10,100.00
129+04468,2020-06-16 08:30:00,59.99,100.00
129+04468,2020-06-16 08:40:00,63.63,100.00
129+04468,2020-06-16 08:50:00,61.99,100.00
129+04468,2020-06-16 09:00:00,61.66,100.00
129+04468,2020-06-16 09:10:00,61.47,100.00
129+04468,2020-06-16 09:20:00,57.16,92.30
129+04468,2020-06-16 09:30:00,59.04,91.00
129+04468,2020-06-16 09:40:00,58.69,97.90
129+04468,2020-06-16 09:50:00,62.39,100.00
129+04468,2020-06-16 10:00:00,63.49,100.00
129+04468,2020-06-16 10:10:00,64.53,87.60
129+04468,2020-06-16 10:20:00,58.81,100.00
129+04468,2020-06-16 10:30:00,58.37,100.00
129+04468,2020-06-16 10:40:00,60.93,100.00
129+04468,2020-06-16 10:50:00,61.91,100.00
129+04468,2020-06-16 11:00:00,59.46,100.00
129+04468,2020-06-16 11:10:00,60.48,100.00
129+04468,2020-06-16 11:20:00,66.37,100.00
129+04468,2020-06-16 11:30:00,65.96,100.00
129+04468,2020-06-16 11:40:00,63.76,100.00
129+04468,2020-06-16 11:50:00,62.48,100.00
129+04468,2020-06-16 12:00:00,70.70,44.20
129+04468,2020-06-16 12:10:00,65.82,90.50
129+04468,2020-06-16 12:20:00,63.29,100.00
129+04468,2020-06-16 12:30:00,62.64,100.00
129+04468,2020-06-16 12:40:00,65.98,100.00
129+04468,2020-06-16 12:50:00,63.59,100.00
129+04468,2020-06-16 13:00:00,62.05,100.00
129+04468,2020-06-16 13:10:00,65.89,95.50
129+04468,2020-06-16 13:20:00,67.26,87.30
129+04468,2020-06-16 13:30:00,66.49,97.20
129+04468,2020-06-16 13:40:00,64.33,100.00
129+04468,2020-06-16 13:50:00,64.35,100.00
129+04468,2020-06-16 14:00:00,63.79,100.00
129+04468,2020-06-16 14:10:00,65.63,94.80
129+04468,2020-06-16 14:20:00,66.86,95.70
129+04468,2020-06-16 14:30:00,67.03,96.60
129+04468,2020-06-16 14:40:00,68.29,98.00
129+04468,2020-06-16 14:50:00,61.43,100.00
129+04468,2020-06-16 15:00:00,67.46,100.00
129+04468,2020-06-16 15:10:00,64.83,99.40
129+04468,2020-06-16 15:20:00,65.16,100.00
129+04468,2020-06-16 15:30:00,67.95,81.90
129+04468,2020-06-16 15:40:00,66.06,100.00
129+04468,2020-06-16 15:50:00,66.67,100.00
129+04468,2020-06-16 16:00:00,63.49,100.00
129+04468,2020-06-16 16:10:00,64.37,100.00
129+04468,2020-06-16 16:20:00,65.15,100.00
129+04468,2020-06-16 16:30:00,64.94,100.00
129+04468,2020-06-16 16:40:00,65.00,100.00
129+04468,2020-06-16 16:50:00,64.98,100.00
129+04468,2020-06-16 17:00:00,65.88,100.00
129+04468,2020-06-16 17:10:00,65.58,100.00
129+04468,2020-06-16 17:20:00,66.29,100.00
129+04468,2020-06-16 17:30:00,66.67,100.00
129+04468,2020-06-16 17:40:00,64.55,100.00
129+04468,2020-06-16 17:50:00,65.74,100.00
129+04468,2020-06-16 18:00:00,64.77,100.00
129+04468,2020-06-16 18:10:00,67.79,100.00
129+04468,2020-06-16 18:20:00,65.42,100.00
129+04468,2020-06-16 18:30:00,65.09,100.00
129+04468,2020-06-16 18:40:00,65.97,91.50
129+04468,2020-06-16 18:50:00,66.64,88.30
129+04468,2020-06-16 19:00:00,62.43,88.00
129+04468,2020-06-16 19:10:00,63.16,100.00
129+04468,2020-06-16 19:20:00,63.53,92.30
129+04468,2020-06-16 19:30:00,63.31,96.70
129+04468,2020-06-16 19:40:00,64.14,88.70
129+04468,2020-06-16 19:50:00,75.42,18.20
129+04468,2020-06-16 20:00:00,65.26,100.00
129+04468,2020-06-16 20:10:00,66.08,100.00
129+04468,2020-06-16 20:20:00,66.51,94.40
129+04468,2020-06-16 20:30:00,65.17,100.00
129+04468,2020-06-16 20:40:00,67.55,100.00
129+04468,2020-06-16 20:50:00,65.45,100.00
129+04468,2020-06-16 21:00:00,67.53,94.00
129+04468,2020-06-16 21:10:00,65.71,100.00
129+04468,2020-06-16 21:20:00,64.45,98.10
129+04468,2020-06-16 21:30:00,63.79,100.00
129+04468,2020-06-16 21:40:00,64.91,94.30
129+04468,2020-06-16 21:50:00,63.11,100.00
129+04468,2020-06-16 22:00:00,62.50,100.00
129+04468,2020-06-16 22:10:00,61.18,100.00
129+04468,2020-06-16 22:20:00,68.45,84.90
129+04468,2020-06-16 22:30:00,66.58,84.60
129+04468,2020-06-16 22:40:00,69.79,59.40
129+04468,2020-06-16 22:50:00,71.25,49.20
129+04468,2020-06-16 23:00:00,64.80,68.90
129+04468,2020-06-16 23:10:00,65.93,86.10
129+04468,2020-06-16 23:20:00,66.84,40.00
129+04468,2020-06-16 23:30:00,57.37,33.30
129+04468,2020-06-16 23:40:00,55.00,31.00
129+04468,2020-06-16 23:50:00,,
129P04436,2020-06-16 00:00:00,,
129P04436,2020-06-16 00:10:00,73.00,
129P04436,2020-06-16 00:20:00,,
129P04436,2020-06-16 00:30:00,,
129P04436,2020-06-16 00:40:00,70.97,
129P04436,2020-06-16 00:50:00,69.00,
129P04436,2020-06-16 01:00:00,,
129P04436,2020-06-16 01:10:00,65.34,20.00
129P04436,2020-06-16 01:20:00,72.90,78.60
129P04436,2020-06-16 01:30:00,67.00,86.20
129P04436,2020-06-16 01:40:00,,
129P04436,2020-06-16 01:50:00,,
129P04436,2020-06-16 02:00:00,,
129P04436,2020-06-16 02:10:00,,
129P04436,2020-06-16 02:20:00,,
129P04436,2020-06-16 02:30:00,62.00,90.00
129P04436,2020-06-16 02:40:00,62.00,96.00
129P04436,2020-06-16 02:50:00,,
129P04436,2020-06-16 03:00:00,,
129P04436,2020-06-16 03:10:00,,
129P04436,2020-06-16 03:20:00,,
129P04436,2020-06-16 03:30:00,,
129P04436,2020-06-16 03:40:00,,
129P04436,2020-06-16 03:50:00,,
129P04436,2020-06-16 04:00:00,,
129P04436,2020-06-16 04:10:00,,
129P04436,2020-06-16 04:20:00,,
129P04436,2020-06-16 04:30:00,67.00,100.00
129P04436,2020-06-16 04:40:00,64.58,88.80
129P04436,2020-06-16 04:50:00,,
129P04436,2020-06-16 05:00:00,60.50,79.50
129P04436,2020-06-16 05:10:00,62.49,92.88
129P04436,2020-06-16 05:20:00,63.55,58.20
129P04436,2020-06-16 05:30:00,71.59,44.80
129P04436,2020-06-16 05:40:00,68.83,67.20
129P04436,2020-06-16 05:50:00,62.37,85.88
129P04436,2020-06-16 06:00:00,60.33,96.78
129P04436,2020-06-16 06:10:00,66.36,91.80
129P04436,2020-06-16 06:20:00,72.85,57.90
129P04436,2020-06-16 06:30:00,67.15,100.00
129P04436,2020-06-16 06:40:00,68.79,95.90
129P04436,2020-06-16 06:50:00,65.95,100.00
129P04436,2020-06-16 07:00:00,66.73,100.00
129P04436,2020-06-16 07:10:00,71.16,78.60
129P04436,2020-06-16 07:20:00,66.58,94.50
129P04436,2020-06-16 07:30:00,64.69,100.00
129P04436,2020-06-16 07:40:00,64.80,100.00
129P04436,2020-06-16 07:50:00,64.98,100.00
129P04436,2020-06-16 08:00:00,63.88,100.00
129P04436,2020-06-16 08:10:00,61.33,92.60
129P04436,2020-06-16 08:20:00,65.86,97.70
129P04436,2020-06-16 08:30:00,70.65,60.50
129P04436,2020-06-16 08:40:00,70.35,72.40
129P04436,2020-06-16 08:50:00,68.89,88.60
129P04436,2020-06-16 09:00:00,66.55,99.60
129P04436,2020-06-16 09:10:00,64.65,100.00
129P04436,2020-06-16 09:20:00,63.41,100.00
129P04436,2020-06-16 09:30:00,61.78,96.30
129P04436,2020-06-16 09:40:00,64.85,100.00
129P04436,2020-06-16 09:50:00,63.68,100.00
129P04436,2020-06-16 10:00:00,63.80,100.00
129P04436,2020-06-16 10:10:00,61.84,100.00
129P04436,2020-06-16 10:20:00,61.86,100.00
129P04436,2020-06-16 10:30:00,64.38,98.60
129P04436,2020-06-16 10:40:00,62.97,98.90
129P04436,2020-06-16 10:50:00,63.29,99.40
129P04436,2020-06-16 11:00:00,61.80,100.00
129P04436,2020-06-16 11:10:00,62.20,99.40
129P04436,2020-06-16 11:20:00,66.17,62.40
129P04436,2020-06-16 11:30:00,64.87,96.60
129P04436,2020-06-16 11:40:00,63.98,97.00
129P04436,2020-06-16 11:50:00,60.47,100.00
129P04436,2020-06-16 12:00:00,60.27,99.70
129P04436,2020-06-16 12:10:00,61.18,100.00
129P04436,2020-06-16 12:20:00,64.29,96.00
129P04436,2020-06-16 12:30:00,64.99,83.60
129P04436,2020-06-16 12:40:00,62.26,96.90
129P04436,2020-06-16 12:50:00,64.66,90.90
129P04436,2020-06-16 13:00:00,62.60,99.90
129P04436,2020-06-16 13:10:00,61.19,99.90
129P04436,2020-06-16 13:20:00,61.47,100.00
129P04436,2020-06-16 13:30:00,63.46,98.90
129P04436,2020-06-16 13:40:00,61.36,97.40
129P04436,2020-06-16 13:50:00,61.08,100.00
129P04436,2020-06-16 14:00:00,65.07,88.90
129P04436,2020-06-16 14:10:00,61.81,83.30
129P04436,2020-06-16 14:20:00,63.18,100.00
129P04436,2020-06-16 14:30:00,65.30,97.60
129P04436,2020-06-16 14:40:00,65.24,94.20
129P04436,2020-06-16 14:50:00,63.86,99.60
129P04436,2020-06-16 15:00:00,63.85,100.00
129P04436,2020-06-16 15:10:00,63.69,95.20
129P04436,2020-06-16 15:20:00,66.55,84.10
129P04436,2020-06-16 15:30:00,63.32,99.60
129P04436,2020-06-16 15:40:00,67.33,100.00
129P04436,2020-06-16 15:50:00,64.68,100.00
129P04436,2020-06-16 16:00:00,63.18,100.00
129P04436,2020-06-16 16:10:00,63.77,100.00
129P04436,2020-06-16 16:20:00,63.50,100.00
129P04436,2020-06-16 16:30:00,63.80,97.40
129P04436,2020-06-16 16:40:00,65.89,100.00
129P04436,2020-06-16 16:50:00,63.38,100.00
129P04436,2020-06-16 17:00:00,65.58,98.40
129P04436,2020-06-16 17:10:00,65.45,99.70
129P04436,2020-06-16 17:20:00,63.97,100.00
129P04436,2020-06-16 17:30:00,65.19,100.00
129P04436,2020-06-16 17:40:00,64.78,100.00
129P04436,2020-06-16 17:50:00,63.94,100.00
129P04436,2020-06-16 18:00:00,63.88,99.00
129P04436,2020-06-16 18:10:00,62.82,98.40
129P04436,2020-06-16 18:20:00,66.16,93.90
129P04436,2020-06-16 18:30:00,65.07,99.60
129P04436,2020-06-16 18:40:00,62.67,95.50
129P04436,2020-06-16 18:50:00,64.46,100.00
129P04436,2020-06-16 19:00:00,64.76,59.70
129P04436,2020-06-16 19:10:00,67.48,100.00
129P04436,2020-06-16 19:20:00,63.34,98.10
129P04436,2020-06-16 19:30:00,63.08,100.00
129P04436,2020-06-16 19:40:00,65.24,95.20
129P04436,2020-06-16 19:50:00,66.89,91.20
129P04436,2020-06-16 20:00:00,66.07,96.90
129P04436,2020-06-16 20:10:00,64.82,100.00
129P04436,2020-06-16 20:20:00,64.80,100.00
129P04436,2020-06-16 20:30:00,61.59,100.00
129P04436,2020-06-16 20:40:00,69.02,66.70
129P04436,2020-06-16 20:50:00,64.36,92.70
129P04436,2020-06-16 21:00:00,60.72,87.80
129P04436,2020-06-16 21:10:00,59.57,94.10
129P04436,2020-06-16 21:20:00,58.31,65.90
129P04436,2020-06-16 21:30:00,58.96,82.50
129P04436,2020-06-16 21:40:00,61.59,100.00
129P04436,2020-06-16 21:50:00,61.59,100.00
129P04436,2020-06-16 22:00:00,58.58,79.60
129P04436,2020-06-16 22:10:00,56.76,93.20
129P04436,2020-06-16 22:20:00,65.37,66.00
129P04436,2020-06-16 22:30:00,64.00,99.20
129P04436,2020-06-16 22:40:00,54.18,91.57
129P04436,2020-06-16 22:50:00,52.85,99.00
129P04436,2020-06-16 23:00:00,65.00,97.00
129P04436,2020-06-16 23:10:00,64.70,68.40
129P04436,2020-06-16 23:20:00,64.78,72.20
129P04436,2020-06-16 23:30:00,70.42,46.10
129P04436,2020-06-16 23:40:00,63.00,95.10
129P04436,2020-06-16 23:50:00,63.00,93.00
129+04440,2020-06-16 00:00:00,61.86,35.00
129+04440,2020-06-16 00:10:00,77.90,8.70
129+04440,2020-06-16 00:20:00,78.00,36.33
129+04440,2020-06-16 00:30:00,,
129+04440,2020-06-16 00:40:00,,
129+04440,2020-06-16 00:50:00,67.00,49.00
129+04440,2020-06-16 01:00:00,63.38,33.30
129+04440,2020-06-16 01:10:00,63.00,74.50
129+04440,2020-06-16 01:20:00,61.89,82.50
129+04440,2020-06-16 01:30:00,55.96,55.10
129+04440,2020-06-16 01:40:00,62.00,95.60
129+04440,2020-06-16 01:50:00,61.50,97.00
129+04440,2020-06-16 02:00:00,,
129+04440,2020-06-16 02:10:00,,
129+04440,2020-06-16 02:20:00,,
129+04440,2020-06-16 02:30:00,,
129+04440,2020-06-16 02:40:00,,
129+04440,2020-06-16 02:50:00,43.66,97.20
129+04440,2020-06-16 03:00:00,52.72,61.14
129+04440,2020-06-16 03:10:00,65.97,50.80
129+04440,2020-06-16 03:20:00,68.00,66.83
129+04440,2020-06-16 03:30:00,69.55,68.00
129+04440,2020-06-16 03:40:00,72.89,58.00
129+04440,2020-06-16 03:50:00,70.96,82.70
129+04440,2020-06-16 04:00:00,73.05,82.70
129+04440,2020-06-16 04:10:00,71.50,97.60
129+04440,2020-06-16 04:20:00,73.68,90.30
129+04440,2020-06-16 04:30:00,72.73,91.60
129+04440,2020-06-16 04:40:00,71.61,88.80
129+04440,2020-06-16 04:50:00,75.99,82.70
129+04440,2020-06-16 05:00:00,74.49,100.00
129+04440,2020-06-16 05:10:00,71.24,91.20
129+04440,2020-06-16 05:20:00,76.10,92.60
129+04440,2020-06-16 05:30:00,75.74,93.40
129+04440,2020-06-16 05:40:00,73.29,100.00
129+04440,2020-06-16 05:50:00,74.99,100.00
129+04440,2020-06-16 06:00:00,70.58,100.00
129+04440,2020-06-16 06:10:00,69.97,100.00
129+04440,2020-06-16 06:20:00,73.35,100.00
129+04440,2020-06-16 06:30:00,75.68,100.00
129+04440,2020-06-16 06:40:00,70.99,100.00
129+04440,2020-06-16 06:50:00,72.89,100.00
129+04440,2020-06-16 07:00:00,72.87,100.00
129+04440,2020-06-16 07:10:00,72.66,100.00
129+04440,2020-06-16 07:20:00,69.60,100.00
129+04440,2020-06-16 07:30:00,70.94,100.00
129+04440,2020-06-16 07:40:00,73.29,100.00
129+04440,2020-06-16 07:50:00,72.29,99.80
129+04440,2020-06-16 08:00:00,71.88,100.00
129+04440,2020-06-16 08:10:00,72.99,99.60
129+04440,2020-06-16 08:20:00,71.41,100.00
129+04440,2020-06-16 08:30:00,71.16,100.00
129+04440,2020-06-16 08:40:00,69.18,100.00
129+04440,2020-06-16 08:50:00,72.88,91.70
129+04440,2020-06-16 09:00:00,69.49,100.00
129+04440,2020-06-16 09:10:00,68.03,100.00
129+04440,2020-06-16 09:20:00,72.79,96.60
129+04440,2020-06-16 09:30:00,66.76,100.00
129+04440,2020-06-16 09:40:00,69.16,100.00
129+04440,2020-06-16 09:50:00,73.27,86.60
129+04440,2020-06-16 10:00:00,70.89,100.00
129+04440,2020-06-16 10:10:00,71.65,94.30
129+04440,2020-06-16 10:20:00,70.08,100.00
129+04440,2020-06-16 10:30:00,67.57,100.00
129+04440,2020-06-16 10:40:00,70.29,100.00
129+04440,2020-06-16 10:50:00,72.98,99.00
129+04440,2020-06-16 11:00:00,68.32,96.40
129+04440,2020-06-16 11:10:00,74.82,61.50
129+04440,2020-06-16 11:20:00,70.56,99.80
129+04440,2020-06-16 11:30:00,67.75,100.00
129+04440,2020-06-16 11:40:00,69.78,100.00
129+04440,2020-06-16 11:50:00,73.79,79.70
129+04440,2020-06-16 12:00:00,76.19,51.50
129+04440,2020-06-16 12:10:00,74.45,69.60
129+04440,2020-06-16 12:20:00,69.37,100.00
129+04440,2020-06-16 12:30:00,70.33,100.00
129+04440,2020-06-16 12:40:00,72.75,100.00
129+04440,2020-06-16 12:50:00,71.63,97.60
129+04440,2020-06-16 13:00:00,69.79,100.00
129+04440,2020-06-16 13:10:00,70.07,100.00
129+04440,2020-06-16 13:20:00,70.97,93.70
129+04440,2020-06-16 13:30:00,71.99,94.00
129+04440,2020-06-16 13:40:00,69.85,100.00
129+04440,2020-06-16 13:50:00,72.26,100.00
129+04440,2020-06-16 14:00:00,76.78,62.30
129+04440,2020-06-16 14:10:00,68.71,96.80
129+04440,2020-06-16 14:20:00,74.10,95.80
129+04440,2020-06-16 14:30:00,72.59,100.00
129+04440,2020-06-16 14:40:00,74.88,100.00
129+04440,2020-06-16 14:50:00,71.16,100.00
129+04440,2020-06-16 15:00:00,72.87,91.50
129+04440,2020-06-16 15:10:00,69.56,94.60
129+04440,2020-06-16 15:20:00,66.76,100.00
129+04440,2020-06-16 15:30:00,69.03,100.00
129+04440,2020-06-16 15:40:00,72.52,100.00
129+04440,2020-06-16 15:50:00,70.07,100.00
129+04440,2020-06-16 16:00:00,72.93,100.00
129+04440,2020-06-16 16:10:00,76.17,62.30
129+04440,2020-06-16 16:20:00,72.88,100.00
129+04440,2020-06-16 16:30:00,70.98,100.00
129+04440,2020-06-16 16:40:00,74.30,100.00
129+04440,2020-06-16 16:50:00,74.37,99.20
129+04440,2020-06-16 17:00:00,74.66,99.90
129+04440,2020-06-16 17:10:00,73.29,100.00
129+04440,2020-06-16 17:20:00,74.65,100.00
129+04440,2020-06-16 17:30:00,76.49,100.00
129+04440,2020-06-16 17:40:00,72.10,100.00
129+04440,2020-06-16 17:50:00,72.44,100.00
129+04440,2020-06-16 18:00:00,70.28,100.00
129+04440,2020-06-16 18:10:00,73.14,100.00
129+04440,2020-06-16 18:20:00,71.96,96.30
129+04440,2020-06-16 18:30:00,73.56,95.90
129+04440,2020-06-16 18:40:00,71.18,100.00
129+04440,2020-06-16 18:50:00,77.19,68.00
129+04440,2020-06-16 19:00:00,73.00,100.00
129+04440,2020-06-16 19:10:00,69.52,100.00
129+04440,2020-06-16 19:20:00,67.66,92.60
129+04440,2020-06-16 19:30:00,71.27,100.00
129+04440,2020-06-16 19:40:00,68.38,100.00
129+04440,2020-06-16 19:50:00,71.43,100.00
129+04440,2020-06-16 20:00:00,72.47,100.00
129+04440,2020-06-16 20:10:00,71.23,100.00
129+04440,2020-06-16 20:20:00,66.34,88.10
129+04440,2020-06-16 20:30:00,69.37,100.00
129+04440,2020-06-16 20:40:00,72.14,88.00
129+04440,2020-06-16 20:50:00,71.33,86.20
129+04440,2020-06-16 21:00:00,73.44,78.00
129+04440,2020-06-16 21:10:00,73.06,90.50
129+04440,2020-06-16 21:20:00,72.94,95.10
129+04440,2020-06-16 21:30:00,67.28,92.00
129+04440,2020-06-16 21:40:00,65.06,81.70
129+04440,2020-06-16 21:50:00,64.93,87.80
129+04440,2020-06-16 22:00:00,63.93,86.60
129+04440,2020-06-16 22:10:00,65.83,100.00
129+04440,2020-06-16 22:20:00,74.47,36.70
129+04440,2020-06-16 22:30:00,66.84,95.00
129+04440,2020-06-16 22:40:00,67.38,100.00
129+04440,2020-06-16 22:50:00,62.65,100.00
129+04440,2020-06-16 23:00:00,70.54,41.20
129+04440,2020-06-16 23:10:00,75.15,34.60
129+04440,2020-06-16 23:20:00,78.14,42.14
129+04440,2020-06-16 23:30:00,,
129+04440,2020-06-16 23:40:00,74.23,93.88
129+04440,2020-06-16 23:50:00,73.71,89.43
129+04441,2020-06-16 00:00:00,64.43,84.11
129+04441,2020-06-16 00:10:00,73.86,26.90
129+04441,2020-06-16 00:20:00,77.00,18.00
129+04441,2020-06-16 00:30:00,,
129+04441,2020-06-16 00:40:00,,
129+04441,2020-06-16 00:50:00,,
129+04441,2020-06-16 01:00:00,66.00,74.67
129+04441,2020-06-16 01:10:00,,
129+04441,2020-06-16 01:20:00,67.61,71.71
129+04441,2020-06-16 01:30:00,55.46,27.70
129+04441,2020-06-16 01:40:00,,
129+04441,2020-06-16 01:50:00,,
129+04441,2020-06-16 02:00:00,,
129+04441,2020-06-16 02:10:00,,
129+04441,2020-06-16 02:20:00,,
129+04441,2020-06-16 02:30:00,,
129+04441,2020-06-16 02:40:00,,
129+04441,2020-06-16 02:50:00,60.99,98.00
129+04441,2020-06-16 03:00:00,61.64,87.00
129+04441,2020-06-16 03:10:00,66.19,83.20
129+04441,2020-06-16 03:20:00,67.00,81.56
129+04441,2020-06-16 03:30:00,70.75,48.75
129+04441,2020-06-16 03:40:00,71.97,61.60
129+04441,2020-06-16 03:50:00,70.69,80.57
129+04441,2020-06-16 04:00:00,71.07,82.00
129+04441,2020-06-16 04:10:00,74.39,83.90
129+04441,2020-06-16 04:20:00,76.00,79.40
129+04441,2020-06-16 04:30:00,75.08,90.60
129+04441,2020-06-16 04:40:00,78.67,66.60
129+04441,2020-06-16 04:50:00,77.78,91.10
129+04441,2020-06-16 05:00:00,73.89,100.00
129+04441,2020-06-16 05:10:00,71.96,92.90
129+04441,2020-06-16 05:20:00,75.10,99.50
129+04441,2020-06-16 05:30:00,75.68,98.50
129+04441,2020-06-16 05:40:00,73.57,100.00
129+04441,2020-06-16 05:50:00,74.78,99.50
129+04441,2020-06-16 06:00:00,72.84,99.50
129+04441,2020-06-16 06:10:00,72.26,99.80
129+04441,2020-06-16 06:20:00,74.08,100.00
129+04441,2020-06-16 06:30:00,75.00,100.00
129+04441,2020-06-16 06:40:00,71.59,100.00
129+04441,2020-06-16 06:50:00,72.79,100.00
129+04441,2020-06-16 07:00:00,72.08,100.00
129+04441,2020-06-16 07:10:00,73.69,98.90
129+04441,2020-06-16 07:20:00,71.39,98.40
129+04441,2020-06-16 07:30:00,69.19,100.00
129+04441,2020-06-16 07:40:00,71.59,100.00
129+04441,2020-06-16 07:50:00,71.99,98.70
129+04441,2020-06-16 08:00:00,68.79,100.00
129+04441,2020-06-16 08:10:00,71.94,91.60
129+04441,2020-06-16 08:20:00,70.07,100.00
129+04441,2020-06-16 08:30:00,72.76,100.00
129+04441,2020-06-16 08:40:00,67.28,100.00
129+04441,2020-06-16 08:50:00,72.26,88.60
129+04441,2020-06-16 09:00:00,70.24,95.40
129+04441,2020-06-16 09:10:00,70.38,100.00
129+04441,2020-06-16 09:20:00,73.16,93.20
129+04441,2020-06-16 09:30:00,67.69,100.00
129+04441,2020-06-16 09:40:00,69.69,99.30
129+04441,2020-06-16 09:50:00,73.16,86.30
129+04441,2020-06-16 10:00:00,74.39,96.40
129+04441,2020-06-16 10:10:00,71.65,94.80
129+04441,2020-06-16 10:20:00,71.19,99.80
129+04441,2020-06-16 10:30:00,68.69,100.00
129+04441,2020-06-16 10:40:00,69.90,100.00
129+04441,2020-06-16 10:50:00,69.29,100.00
129+04441,2020-06-16 11:00:00,69.80,100.00
129+04441,2020-06-16 11:10:00,70.88,81.40
129+04441,2020-06-16 11:20:00,72.86,92.50
129+04441,2020-06-16 11:30:00,71.57,100.00
129+04441,2020-06-16 11:40:00,71.37,97.70
129+04441,2020-06-16 11:50:00,71.58,98.60
129+04441,2020-06-16 12:00:00,74.39,93.00
129+04441,2020-06-16 12:10:00,75.02,77.50
129+04441,2020-06-16 12:20:00,68.39,99.90
129+04441,2020-06-16 12:30:00,72.28,100.00
129+04441,2020-06-16 12:40:00,71.69,99.60
129+04441,2020-06-16 12:50:00,75.20,83.00
129+04441,2020-06-16 13:00:00,73.06,93.60
129+04441,2020-06-16 13:10:00,73.10,81.00
129+04441,2020-06-16 13:20:00,70.40,97.60
129+04441,2020-06-16 13:30:00,73.56,95.30
129+04441,2020-06-16 13:40:00,71.37,100.00
129+04441,2020-06-16 13:50:00,70.19,100.00
129+04441,2020-06-16 14:00:00,73.47,87.60
129+04441,2020-06-16 14:10:00,71.39,94.20
129+04441,2020-06-16 14:20:00,73.21,87.70
129+04441,2020-06-16 14:30:00,75.38,99.60
129+04441,2020-06-16 14:40:00,73.16,97.70
129+04441,2020-06-16 14:50:00,70.39,100.00
129+04441,2020-06-16 15:00:00,71.75,97.60
129+04441,2020-06-16 15:10:00,70.69,99.50
129+04441,2020-06-16 15:20:00,69.91,96.20
129+04441,2020-06-16 15:30:00,69.77,98.10
129+04441,2020-06-16 15:40:00,71.09,99.70
129+04441,2020-06-16 15:50:00,71.88,100.00
129+04441,2020-06-16 16:00:00,72.37,98.20
129+04441,2020-06-16 16:10:00,75.47,71.90
129+04441,2020-06-16 16:20:00,71.48,99.70
129+04441,2020-06-16 16:30:00,72.90,98.90
129+04441,2020-06-16 16:40:00,74.93,93.70
129+04441,2020-06-16 16:50:00,71.98,100.00
129+04441,2020-06-16 17:00:00,74.07,98.60
129+04441,2020-06-16 17:10:00,74.29,100.00
129+04441,2020-06-16 17:20:00,75.40,99.00
129+04441,2020-06-16 17:30:00,76.89,99.20
129+04441,2020-06-16 17:40:00,72.96,100.00
129+04441,2020-06-16 17:50:00,72.44,100.00
129+04441,2020-06-16 18:00:00,69.69,100.00
129+04441,2020-06-16 18:10:00,73.47,99.60
129+04441,2020-06-16 18:20:00,72.31,94.40
129+04441,2020-06-16 18:30:00,73.06,92.30
129+04441,2020-06-16 18:40:00,72.10,99.40
129+04441,2020-06-16 18:50:00,76.06,71.90
129+04441,2020-06-16 19:00:00,74.44,93.11
129+04441,2020-06-16 19:10:00,71.21,96.80
129+04441,2020-06-16 19:20:00,70.19,100.00
129+04441,2020-06-16 19:30:00,70.49,100.00
129+04441,2020-06-16 19:40:00,70.35,82.10
129+04441,2020-06-16 19:50:00,71.47,82.50
129+04441,2020-06-16 20:00:00,75.90,72.40
129+04441,2020-06-16 20:10:00,73.78,100.00
129+04441,2020-06-16 20:20:00,68.51,80.10
129+04441,2020-06-16 20:30:00,70.62,95.40
129+04441,2020-06-16 20:40:00,72.27,94.80
129+04441,2020-06-16 20:50:00,72.56,96.80
129+04441,2020-06-16 21:00:00,73.59,95.60
129+04441,2020-06-16 21:10:00,74.65,72.20
129+04441,2020-06-16 21:20:00,72.08,98.70
129+04441,2020-06-16 21:30:00,68.84,95.90
129+04441,2020-06-16 21:40:00,66.55,94.30
129+04441,2020-06-16 21:50:00,66.90,98.00
129+04441,2020-06-16 22:00:00,63.10,95.00
129+04441,2020-06-16 22:10:00,64.27,100.00
129+04441,2020-06-16 22:20:00,69.87,72.00
129+04441,2020-06-16 22:30:00,68.44,85.40
129+04441,2020-06-16 22:40:00,66.79,97.90
129+04441,2020-06-16 22:50:00,66.00,93.90
129+04441,2020-06-16 23:00:00,74.33,37.20
129+04441,2020-06-16 23:10:00,76.99,34.30
129+04441,2020-06-16 23:20:00,76.87,53.38
129+04441,2020-06-16 23:30:00,,
129+04441,2020-06-16 23:40:00,77.11,86.38
129+04441,2020-06-16 23:50:00,76.71,94.43
129+04464,2020-06-16 00:00:00,65.93,91.00
129+04464,2020-06-16 00:10:00,59.77,75.40
129+04464,2020-06-16 00:20:00,62.00,82.25
129+04464,2020-06-16 00:30:00,,
129+04464,2020-06-16 00:40:00,63.00,74.75
129+04464,2020-06-16 00:50:00,64.77,72.50
129+04464,2020-06-16 01:00:00,,
129+04464,2020-06-16 01:10:00,,
129+04464,2020-06-16 01:20:00,,
129+04464,2020-06-16 01:30:00,,
129+04464,2020-06-16 01:40:00,,
129+04464,2020-06-16 01:50:00,,
129+04464,2020-06-16 02:00:00,,
129+04464,2020-06-16 02:10:00,,
129+04464,2020-06-16 02:20:00,64.16,99.00
129+04464,2020-06-16 02:30:00,63.00,99.10
129+04464,2020-06-16 02:40:00,63.00,99.00
129+04464,2020-06-16 02:50:00,,
129+04464,2020-06-16 03:00:00,64.00,100.00
129+04464,2020-06-16 03:10:00,,
129+04464,2020-06-16 03:20:00,,
129+04464,2020-06-16 03:30:00,,
129+04464,2020-06-16 03:40:00,,
129+04464,2020-06-16 03:50:00,66.00,100.00
129+04464,2020-06-16 04:00:00,67.29,95.80
129+04464,2020-06-16 04:10:00,69.88,90.90
129+04464,2020-06-16 04:20:00,68.33,91.00
129+04464,2020-06-16 04:30:00,64.08,71.90
129+04464,2020-06-16 04:40:00,67.52,61.60
129+04464,2020-06-16 04:50:00,71.53,77.40
129+04464,2020-06-16 05:00:00,70.78,84.10
129+04464,2020-06-16 05:10:00,66.90,84.00
129+04464,2020-06-16 05:20:00,70.37,93.30
129+04464,2020-06-16 05:30:00,69.08,94.90
129+04464,2020-06-16 05:40:00,68.08,96.20
129+04464,2020-06-16 05:50:00,64.47,70.80
129+04464,2020-06-16 06:00:00,65.27,90.90
129+04464,2020-06-16 06:10:00,67.29,100.00
129+04464,2020-06-16 06:20:00,68.44,95.60
129+04464,2020-06-16 06:30:00,68.84,94.90
129+04464,2020-06-16 06:40:00,72.39,85.20
129+04464,2020-06-16 06:50:00,70.18,98.70
129+04464,2020-06-16 07:00:00,70.60,94.80
129+04464,2020-06-16 07:10:00,66.63,100.00
129+04464,2020-06-16 07:20:00,68.19,100.00
129+04464,2020-06-16 07:30:00,67.69,100.00
129+04464,2020-06-16 07:40:00,69.99,92.80
129+04464,2020-06-16 07:50:00,67.93,93.90
129+04464,2020-06-16 08:00:00,69.09,97.40
129+04464,2020-06-16 08:10:00,68.34,98.50
129+04464,2020-06-16 08:20:00,67.14,97.40
129+04464,2020-06-16 08:30:00,63.88,100.00
129+04464,2020-06-16 08:40:00,65.76,96.30
129+04464,2020-06-16 08:50:00,65.07,98.10
129+04464,2020-06-16 09:00:00,65.49,100.00
129+04464,2020-06-16 09:10:00,68.88,98.30
129+04464,2020-06-16 09:20:00,68.74,79.40
129+04464,2020-06-16 09:30:00,63.46,94.60
129+04464,2020-06-16 09:40:00,65.95,98.40
129+04464,2020-06-16 09:50:00,70.92,66.30
129+04464,2020-06-16 10:00:00,65.40,100.00
129+04464,2020-06-16 10:10:00,65.79,100.00
129+04464,2020-06-16 10:20:00,65.09,100.00
129+04464,2020-06-16 10:30:00,66.19,99.10
129+04464,2020-06-16 10:40:00,64.80,100.00
129+04464,2020-06-16 10:50:00,64.09,100.00
129+04464,2020-06-16 11:00:00,67.98,81.30
129+04464,2020-06-16 11:10:00,63.76,98.20
129+04464,2020-06-16 11:20:00,61.66,100.00
129+04464,2020-06-16 11:30:00,66.18,94.00
129+04464,2020-06-16 11:40:00,64.71,97.70
129+04464,2020-06-16 11:50:00,63.79,100.00
129+04464,2020-06-16 12:00:00,68.46,62.40
129+04464,2020-06-16 12:10:00,66.25,81.90
129+04464,2020-06-16 12:20:00,68.07,83.70
129+04464,2020-06-16 12:30:00,65.40,93.00
129+04464,2020-06-16 12:40:00,67.09,97.00
129+04464,2020-06-16 12:50:00,66.48,98.40
129+04464,2020-06-16 13:00:00,65.60,100.00
129+04464,2020-06-16 13:10:00,65.74,95.30
129+04464,2020-06-16 13:20:00,70.48,77.30
129+04464,2020-06-16 13:30:00,69.25,87.10
129+04464,2020-06-16 13:40:00,67.98,100.00
129+04464,2020-06-16 13:50:00,71.07,84.40
129+04464,2020-06-16 14:00:00,67.70,100.00
129+04464,2020-06-16 14:10:00,65.29,100.00
129+04464,2020-06-16 14:20:00,71.19,83.00
129+04464,2020-06-16 14:30:00,69.44,94.00
129+04464,2020-06-16 14:40:00,67.19,99.50
129+04464,2020-06-16 14:50:00,66.76,99.90
129+04464,2020-06-16 15:00:00,62.19,100.00
129+04464,2020-06-16 15:10:00,66.44,97.40
129+04464,2020-06-16 15:20:00,70.89,79.30
129+04464,2020-06-16 15:30:00,72.58,64.10
129+04464,2020-06-16 15:40:00,67.07,100.00
129+04464,2020-06-16 15:50:00,68.48,100.00
129+04464,2020-06-16 16:00:00,66.38,99.90
129+04464,2020-06-16 16:10:00,66.78,99.60
129+04464,2020-06-16 16:20:00,66.48,99.90
129+04464,2020-06-16 16:30:00,66.99,100.00
129+04464,2020-06-16 16:40:00,69.48,100.00
129+04464,2020-06-16 16:50:00,68.26,100.00
129+04464,2020-06-16 17:00:00,67.29,100.00
129+04464,2020-06-16 17:10:00,70.27,93.20
129+04464,2020-06-16 17:20:00,70.89,99.40
129+04464,2020-06-16 17:30:00,71.34,87.40
129+04464,2020-06-16 17:40:00,69.88,98.00
129+04464,2020-06-16 17:50:00,68.62,98.10
129+04464,2020-06-16 18:00:00,68.28,98.10
129+04464,2020-06-16 18:10:00,67.16,99.40
129+04464,2020-06-16 18:20:00,70.77,93.00
129+04464,2020-06-16 18:30:00,70.29,98.80
129+04464,2020-06-16 18:40:00,70.26,95.60
129+04464,2020-06-16 18:50:00,71.02,89.40
129+04464,2020-06-16 19:00:00,66.78,95.44
129+04464,2020-06-16 19:10:00,66.59,80.00
129+04464,2020-06-16 19:20:00,68.45,97.40
129+04464,2020-06-16 19:30:00,64.77,100.00
129+04464,2020-06-16 19:40:00,63.96,85.60
129+04464,2020-06-16 19:50:00,61.15,52.30
129+04464,2020-06-16 20:00:00,70.36,64.50
129+04464,2020-06-16 20:10:00,71.48,60.10
129+04464,2020-06-16 20:20:00,73.29,52.80
129+04464,2020-06-16 20:30:00,64.27,87.80
129+04464,2020-06-16 20:40:00,55.70,25.30
129+04464,2020-06-16 20:50:00,63.80,91.10
129+04464,2020-06-16 21:00:00,64.60,100.00
129+04464,2020-06-16 21:10:00,70.05,74.80
129+04464,2020-06-16 21:20:00,66.79,100.00
129+04464,2020-06-16 21:30:00,62.76,100.00
129+04464,2020-06-16 21:40:00,68.75,80.10
129+04464,2020-06-16 21:50:00,68.30,93.90
129+04464,2020-06-16 22:00:00,66.97,96.67
129+04464,2020-06-16 22:10:00,68.87,86.11
129+04464,2020-06-16 22:20:00,62.04,97.90
129+04464,2020-06-16 22:30:00,58.71,100.00
129+04464,2020-06-16 22:40:00,62.82,99.67
129+04464,2020-06-16 22:50:00,64.56,88.10
129+04464,2020-06-16 23:00:00,64.44,77.10
129+04464,2020-06-16 23:10:00,62.48,84.80
129+04464,2020-06-16 23:20:00,65.00,95.17
129+04464,2020-06-16 23:30:00,,
129+04464,2020-06-16 23:40:00,,
129+04464,2020-06-16 23:50:00,64.59,85.20
129+04442,2020-06-16 00:00:00,63.00,72.88
129+04442,2020-06-16 00:10:00,72.56,41.30
129+04442,2020-06-16 00:20:00,77.32,12.67
129+04442,2020-06-16 00:30:00,,
129+04442,2020-06-16 00:40:00,,
129+04442,2020-06-16 00:50:00,,
129+04442,2020-06-16 01:00:00,65.00,74.00
129+04442,2020-06-16 01:10:00,62.70,89.00
129+04442,2020-06-16 01:20:00,67.66,89.83
129+04442,2020-06-16 01:30:00,57.29,40.00
129+04442,2020-06-16 01:40:00,55.00,43.75
129+04442,2020-06-16 01:50:00,,
129+04442,2020-06-16 02:00:00,,
129+04442,2020-06-16 02:10:00,,
129+04442,2020-06-16 02:20:00,,
129+04442,2020-06-16 02:30:00,,
129+04442,2020-06-16 02:40:00,,
129+04442,2020-06-16 02:50:00,65.00,
129+04442,2020-06-16 03:00:00,65.58,97.00
129+04442,2020-06-16 03:10:00,66.00,99.88
129+04442,2020-06-16 03:20:00,68.38,91.40
129+04442,2020-06-16 03:30:00,70.65,66.67
129+04442,2020-06-16 03:40:00,70.40,83.30
129+04442,2020-06-16 03:50:00,73.23,65.40
129+04442,2020-06-16 04:00:00,74.89,67.00
129+04442,2020-06-16 04:10:00,75.20,90.50
129+04442,2020-06-16 04:20:00,74.99,95.00
129+04442,2020-06-16 04:30:00,73.26,95.70
129+04442,2020-06-16 04:40:00,76.61,75.00
129+04442,2020-06-16 04:50:00,78.59,80.30
129+04442,2020-06-16 05:00:00,74.08,100.00
129+04442,2020-06-16 05:10:00,71.35,85.20
129+04442,2020-06-16 05:20:00,72.38,100.00
129+04442,2020-06-16 05:30:00,73.48,100.00
129+04442,2020-06-16 05:40:00,71.19,100.00
129+04442,2020-06-16 05:50:00,73.08,100.00
129+04442,2020-06-16 06:00:00,71.57,100.00
129+04442,2020-06-16 06:10:00,68.79,100.00
129+04442,2020-06-16 06:20:00,71.69,100.00
129+04442,2020-06-16 06:30:00,71.18,100.00
129+04442,2020-06-16 06:40:00,71.00,100.00
129+04442,2020-06-16 06:50:00,72.87,100.00
129+04442,2020-06-16 07:00:00,70.03,100.00
129+04442,2020-06-16 07:10:00,72.58,100.00
129+04442,2020-06-16 07:20:00,74.29,100.00
129+04442,2020-06-16 07:30:00,69.30,100.00
129+04442,2020-06-16 07:40:00,68.97,100.00
129+04442,2020-06-16 07:50:00,71.59,100.00
129+04442,2020-06-16 08:00:00,69.28,100.00
129+04442,2020-06-16 08:10:00,69.49,100.00
129+04442,2020-06-16 08:20:00,68.69,100.00
129+04442,2020-06-16 08:30:00,71.69,100.00
129+04442,2020-06-16 08:40:00,68.55,99.80
129+04442,2020-06-16 08:50:00,71.15,92.20
129+04442,2020-06-16 09:00:00,67.98,100.00
129+04442,2020-06-16 09:10:00,68.29,100.00
129+04442,2020-06-16 09:20:00,69.58,100.00
129+04442,2020-06-16 09:30:00,67.39,100.00
129+04442,2020-06-16 09:40:00,68.99,100.00
129+04442,2020-06-16 09:50:00,70.28,94.00
129+04442,2020-06-16 10:00:00,70.69,100.00
129+04442,2020-06-16 10:10:00,72.32,81.20
129+04442,2020-06-16 10:20:00,69.37,100.00
129+04442,2020-06-16 10:30:00,67.56,100.00
129+04442,2020-06-16 10:40:00,68.79,100.00
129+04442,2020-06-16 10:50:00,68.29,100.00
129+04442,2020-06-16 11:00:00,67.90,100.00
129+04442,2020-06-16 11:10:00,69.54,94.30
129+04442,2020-06-16 11:20:00,70.97,88.50
129+04442,2020-06-16 11:30:00,69.02,100.00
129+04442,2020-06-16 11:40:00,69.37,100.00
129+04442,2020-06-16 11:50:00,69.38,100.00
129+04442,2020-06-16 12:00:00,70.28,100.00
129+04442,2020-06-16 12:10:00,68.78,100.00
129+04442,2020-06-16 12:20:00,68.08,100.00
129+04442,2020-06-16 12:30:00,70.65,100.00
129+04442,2020-06-16 12:40:00,71.96,100.00
129+04442,2020-06-16 12:50:00,73.59,90.40
129+04442,2020-06-16 13:00:00,70.92,93.50
129+04442,2020-06-16 13:10:00,71.88,95.70
129+04442,2020-06-16 13:20:00,69.42,99.90
129+04442,2020-06-16 13:30:00,71.19,99.20
129+04442,2020-06-16 13:40:00,70.39,100.00
129+04442,2020-06-16 13:50:00,70.47,100.00
129+04442,2020-06-16 14:00:00,72.19,94.80
129+04442,2020-06-16 14:10:00,71.15,99.20
129+04442,2020-06-16 14:20:00,68.98,100.00
129+04442,2020-06-16 14:30:00,71.57,100.00
129+04442,2020-06-16 14:40:00,70.17,100.00
129+04442,2020-06-16 14:50:00,69.09,100.00
129+04442,2020-06-16 15:00:00,71.25,95.70
129+04442,2020-06-16 15:10:00,69.68,99.00
129+04442,2020-06-16 15:20:00,69.47,95.30
129+04442,2020-06-16 15:30:00,67.40,100.00
129+04442,2020-06-16 15:40:00,70.48,98.20
129+04442,2020-06-16 15:50:00,71.27,100.00
129+04442,2020-06-16 16:00:00,71.55,100.00
129+04442,2020-06-16 16:10:00,70.55,100.00
129+04442,2020-06-16 16:20:00,70.25,100.00
129+04442,2020-06-16 16:30:00,73.38,100.00
129+04442,2020-06-16 16:40:00,71.86,100.00
129+04442,2020-06-16 16:50:00,69.59,100.00
129+04442,2020-06-16 17:00:00,70.64,100.00
129+04442,2020-06-16 17:10:00,70.59,100.00
129+04442,2020-06-16 17:20:00,71.82,100.00
129+04442,2020-06-16 17:30:00,73.39,100.00
129+04442,2020-06-16 17:40:00,70.38,99.90
129+04442,2020-06-16 17:50:00,69.86,100.00
129+04442,2020-06-16 18:00:00,70.20,100.00
129+04442,2020-06-16 18:10:00,71.19,100.00
129+04442,2020-06-16 18:20:00,72.57,97.50
129+04442,2020-06-16 18:30:00,72.03,92.60
129+04442,2020-06-16 18:40:00,70.87,99.30
129+04442,2020-06-16 18:50:00,69.60,100.00
129+04442,2020-06-16 19:00:00,73.55,100.00
129+04442,2020-06-16 19:10:00,73.63,90.60
129+04442,2020-06-16 19:20:00,69.49,100.00
129+04442,2020-06-16 19:30:00,70.25,100.00
129+04442,2020-06-16 19:40:00,70.28,100.00
129+04442,2020-06-16 19:50:00,72.93,89.20
129+04442,2020-06-16 20:00:00,73.90,70.30
129+04442,2020-06-16 20:10:00,71.27,100.00
129+04442,2020-06-16 20:20:00,70.60,97.70
129+04442,2020-06-16 20:30:00,68.90,100.00
129+04442,2020-06-16 20:40:00,69.09,100.00
129+04442,2020-06-16 20:50:00,69.49,100.00
129+04442,2020-06-16 21:00:00,72.67,90.60
129+04442,2020-06-16 21:10:00,72.64,83.30
129+04442,2020-06-16 21:20:00,71.15,97.10
129+04442,2020-06-16 21:30:00,67.83,100.00
129+04442,2020-06-16 21:40:00,66.54,100.00
129+04442,2020-06-16 21:50:00,66.57,100.00
129+04442,2020-06-16 22:00:00,69.17,96.00
129+04442,2020-06-16 22:10:00,67.39,100.00
129+04442,2020-06-16 22:20:00,67.99,100.00
129+04442,2020-06-16 22:30:00,68.29,100.00
129+04442,2020-06-16 22:40:00,67.79,100.00
129+04442,2020-06-16 22:50:00,68.79,97.50
129+04442,2020-06-16 23:00:00,69.43,95.14
129+04442,2020-06-16 23:10:00,71.76,74.90
129+04442,2020-06-16 23:20:00,79.59,21.00
129+04442,2020-06-16 23:30:00,78.00,52.70
129+04442,2020-06-16 23:40:00,79.61,74.63
129+04442,2020-06-16 23:50:00,78.00,98.30
129+04437,2020-06-16 00:00:00,,
129+04437,2020-06-16 00:10:00,71.00,
129+04437,2020-06-16 00:20:00,71.00,
129+04437,2020-06-16 00:30:00,70.90,
129+04437,2020-06-16 00:40:00,70.00,
129+04437,2020-06-16 00:50:00,60.76,99.75
129+04437,2020-06-16 01:00:00,,
129+04437,2020-06-16 01:10:00,62.77,30.00
129+04437,2020-06-16 01:20:00,71.00,61.70
129+04437,2020-06-16 01:30:00,69.14,97.29
129+04437,2020-06-16 01:40:00,,
129+04437,2020-06-16 01:50:00,68.00,
129+04437,2020-06-16 02:00:00,68.00,
129+04437,2020-06-16 02:10:00,60.71,55.56
129+04437,2020-06-16 02:20:00,58.45,90.90
129+04437,2020-06-16 02:30:00,62.00,93.00
129+04437,2020-06-16 02:40:00,62.00,95.00
129+04437,2020-06-16 02:50:00,60.00,99.00
129+04437,2020-06-16 03:00:00,60.00,99.50
129+04437,2020-06-16 03:10:00,,
129+04437,2020-06-16 03:20:00,58.00,
129+04437,2020-06-16 03:30:00,57.40,
129+04437,2020-06-16 03:40:00,57.00,
129+04437,2020-06-16 03:50:00,60.32,99.67
129+04437,2020-06-16 04:00:00,60.00,100.00
129+04437,2020-06-16 04:10:00,,
129+04437,2020-06-16 04:20:00,,
129+04437,2020-06-16 04:30:00,66.00,75.80
129+04437,2020-06-16 04:40:00,59.12,84.70
129+04437,2020-06-16 04:50:00,61.87,100.00
129+04437,2020-06-16 05:00:00,62.28,99.71
129+04437,2020-06-16 05:10:00,64.97,86.40
129+04437,2020-06-16 05:20:00,65.49,79.40
129+04437,2020-06-16 05:30:00,70.53,49.70
129+04437,2020-06-16 05:40:00,67.62,80.70
129+04437,2020-06-16 05:50:00,62.38,67.70
129+04437,2020-06-16 06:00:00,62.49,90.00
129+04437,2020-06-16 06:10:00,65.92,96.90
129+04437,2020-06-16 06:20:00,72.94,47.40
129+04437,2020-06-16 06:30:00,65.48,100.00
129+04437,2020-06-16 06:40:00,67.48,100.00
129+04437,2020-06-16 06:50:00,67.07,100.00
129+04437,2020-06-16 07:00:00,65.24,100.00
129+04437,2020-06-16 07:10:00,65.55,100.00
129+04437,2020-06-16 07:20:00,60.95,100.00
129+04437,2020-06-16 07:30:00,63.86,100.00
129+04437,2020-06-16 07:40:00,64.79,100.00
129+04437,2020-06-16 07:50:00,65.53,100.00
129+04437,2020-06-16 08:00:00,66.97,100.00
129+04437,2020-06-16 08:10:00,64.37,100.00
129+04437,2020-06-16 08:20:00,66.59,100.00
129+04437,2020-06-16 08:30:00,68.29,94.10
129+04437,2020-06-16 08:40:00,66.03,100.00
129+04437,2020-06-16 08:50:00,65.46,100.00
129+04437,2020-06-16 09:00:00,66.18,100.00
129+04437,2020-06-16 09:10:00,65.16,100.00
129+04437,2020-06-16 09:20:00,64.98,100.00
129+04437,2020-06-16 09:30:00,60.87,100.00
129+04437,2020-06-16 09:40:00,62.28,100.00
129+04437,2020-06-16 09:50:00,61.79,100.00
129+04437,2020-06-16 10:00:00,62.59,100.00
129+04437,2020-06-16 10:10:00,62.70,100.00
129+04437,2020-06-16 10:20:00,61.58,100.00
129+04437,2020-06-16 10:30:00,65.98,94.30
129+04437,2020-06-16 10:40:00,63.72,93.20
129+04437,2020-06-16 10:50:00,63.58,100.00
129+04437,2020-06-16 11:00:00,62.79,100.00
129+04437,2020-06-16 11:10:00,60.97,100.00
129+04437,2020-06-16 11:20:00,64.49,81.50
129+04437,2020-06-16 11:30:00,63.79,100.00
129+04437,2020-06-16 11:40:00,61.12,100.00
129+04437,2020-06-16 11:50:00,63.16,98.40
129+04437,2020-06-16 12:00:00,63.14,100.00
129+04437,2020-06-16 12:10:00,62.27,100.00
129+04437,2020-06-16 12:20:00,63.87,98.50
129+04437,2020-06-16 12:30:00,65.99,93.90
129+04437,2020-06-16 12:40:00,63.27,100.00
129+04437,2020-06-16 12:50:00,63.76,100.00
129+04437,2020-06-16 13:00:00,62.97,100.00
129+04437,2020-06-16 13:10:00,63.00,100.00
129+04437,2020-06-16 13:20:00,62.58,100.00
129+04437,2020-06-16 13:30:00,64.78,98.80
129+04437,2020-06-16 13:40:00,64.25,98.00
129+04437,2020-06-16 13:50:00,63.88,100.00
129+04437,2020-06-16 14:00:00,62.30,100.00
129+04437,2020-06-16 14:10:00,60.05,100.00
129+04437,2020-06-16 14:20:00,63.47,100.00
129+04437,2020-06-16 14:30:00,63.16,100.00
129+04437,2020-06-16 14:40:00,62.09,100.00
129+04437,2020-06-16 14:50:00,64.79,98.80
129+04437,2020-06-16 15:00:00,64.48,100.00
129+04437,2020-06-16 15:10:00,63.69,100.00
129+04437,2020-06-16 15:20:00,66.19,100.00
129+04437,2020-06-16 15:30:00,62.42,100.00
129+04437,2020-06-16 15:40:00,64.65,100.00
129+04437,2020-06-16 15:50:00,64.28,100.00
129+04437,2020-06-16 16:00:00,62.29,100.00
129+04437,2020-06-16 16:10:00,63.59,100.00
129+04437,2020-06-16 16:20:00,62.85,100.00
129+04437,2020-06-16 16:30:00,63.67,100.00
129+04437,2020-06-16 16:40:00,66.49,100.00
129+04437,2020-06-16 16:50:00,64.49,100.00
129+04437,2020-06-16 17:00:00,64.60,99.80
129+04437,2020-06-16 17:10:00,64.98,100.00
129+04437,2020-06-16 17:20:00,65.58,100.00
129+04437,2020-06-16 17:30:00,65.39,100.00
129+04437,2020-06-16 17:40:00,64.49,100.00
129+04437,2020-06-16 17:50:00,63.57,100.00
129+04437,2020-06-16 18:00:00,65.59,100.00
129+04437,2020-06-16 18:10:00,64.28,100.00
129+04437,2020-06-16 18:20:00,64.29,100.00
129+04437,2020-06-16 18:30:00,63.87,100.00
129+04437,2020-06-16 18:40:00,65.29,100.00
129+04437,2020-06-16 18:50:00,64.89,100.00
129+04437,2020-06-16 19:00:00,64.66,77.33
129+04437,2020-06-16 19:10:00,67.09,100.00
129+04437,2020-06-16 19:20:00,66.98,100.00
129+04437,2020-06-16 19:30:00,64.56,100.00
129+04437,2020-06-16 19:40:00,65.95,100.00
129+04437,2020-06-16 19:50:00,66.93,100.00
129+04437,2020-06-16 20:00:00,67.48,100.00
129+04437,2020-06-16 20:10:00,67.90,91.00
129+04437,2020-06-16 20:20:00,66.23,100.00
129+04437,2020-06-16 20:30:00,62.68,100.00
129+04437,2020-06-16 20:40:00,66.79,100.00
129+04437,2020-06-16 20:50:00,63.42,100.00
129+04437,2020-06-16 21:00:00,60.49,100.00
129+04437,2020-06-16 21:10:00,62.10,100.00
129+04437,2020-06-16 21:20:00,62.19,100.00
129+04437,2020-06-16 21:30:00,62.27,100.00
129+04437,2020-06-16 21:40:00,61.50,100.00
129+04437,2020-06-16 21:50:00,62.74,93.30
129+04437,2020-06-16 22:00:00,66.16,94.20
129+04437,2020-06-16 22:10:00,65.53,84.20
129+04437,2020-06-16 22:20:00,70.28,61.11
129+04437,2020-06-16 22:30:00,68.00,96.50
129+04437,2020-06-16 22:40:00,59.19,99.75
129+04437,2020-06-16 22:50:00,60.39,100.00
129+04437,2020-06-16 23:00:00,62.00,96.33
129+04437,2020-06-16 23:10:00,69.92,49.70
129+04437,2020-06-16 23:20:00,67.19,82.60
129+04437,2020-06-16 23:30:00,68.94,59.70
129+04437,2020-06-16 23:40:00,62.10,54.30
129+04437,2020-06-16 23:50:00,62.00,55.00
129+04438,2020-06-16 00:00:00,,
129+04438,2020-06-16 00:10:00,69.00,
129+04438,2020-06-16 00:20:00,69.00,
129+04438,2020-06-16 00:30:00,68.90,
129+04438,2020-06-16 00:40:00,68.00,
129+04438,2020-06-16 00:50:00,50.47,100.00
129+04438,2020-06-16 01:00:00,,
129+04438,2020-06-16 01:10:00,59.05,1.00
129+04438,2020-06-16 01:20:00,63.00,73.00
129+04438,2020-06-16 01:30:00,63.00,88.50
129+04438,2020-06-16 01:40:00,,
129+04438,2020-06-16 01:50:00,50.00,
129+04438,2020-06-16 02:00:00,,
129+04438,2020-06-16 02:10:00,51.27,64.22
129+04438,2020-06-16 02:20:00,48.96,96.40
129+04438,2020-06-16 02:30:00,51.59,97.40
129+04438,2020-06-16 02:40:00,50.00,100.00
129+04438,2020-06-16 02:50:00,51.00,99.00
129+04438,2020-06-16 03:00:00,51.50,97.10
129+04438,2020-06-16 03:10:00,52.00,98.80
129+04438,2020-06-16 03:20:00,,
129+04438,2020-06-16 03:30:00,,
129+04438,2020-06-16 03:40:00,,
129+04438,2020-06-16 03:50:00,51.28,97.00
129+04438,2020-06-16 04:00:00,51.00,99.00
129+04438,2020-06-16 04:10:00,52.00,99.75
129+04438,2020-06-16 04:20:00,52.70,95.90
129+04438,2020-06-16 04:30:00,54.93,86.60
129+04438,2020-06-16 04:40:00,52.32,95.80
129+04438,2020-06-16 04:50:00,51.90,96.70
129+04438,2020-06-16 05:00:00,50.58,85.50
129+04438,2020-06-16 05:10:00,52.89,94.90
129+04438,2020-06-16 05:20:00,52.28,97.20
129+04438,2020-06-16 05:30:00,55.62,63.80
129+04438,2020-06-16 05:40:00,56.37,59.60
129+04438,2020-06-16 05:50:00,52.09,89.40
129+04438,2020-06-16 06:00:00,53.69,90.20
129+04438,2020-06-16 06:10:00,56.59,100.00
129+04438,2020-06-16 06:20:00,56.89,100.00
129+04438,2020-06-16 06:30:00,53.93,100.00
129+04438,2020-06-16 06:40:00,54.29,100.00
129+04438,2020-06-16 06:50:00,57.89,100.00
129+04438,2020-06-16 07:00:00,52.78,100.00
129+04438,2020-06-16 07:10:00,51.38,100.00
129+04438,2020-06-16 07:20:00,51.89,100.00
129+04438,2020-06-16 07:30:00,51.38,100.00
129+04438,2020-06-16 07:40:00,51.59,100.00
129+04438,2020-06-16 07:50:00,51.78,100.00
129+04438,2020-06-16 08:00:00,56.17,92.60
129+04438,2020-06-16 08:10:00,54.58,100.00
129+04438,2020-06-16 08:20:00,55.18,100.00
129+04438,2020-06-16 08:30:00,53.14,100.00
129+04438,2020-06-16 08:40:00,50.17,100.00
129+04438,2020-06-16 08:50:00,51.28,100.00
129+04438,2020-06-16 09:00:00,52.46,100.00
129+04438,2020-06-16 09:10:00,51.74,100.00
129+04438,2020-06-16 09:20:00,52.75,100.00
129+04438,2020-06-16 09:30:00,49.20,100.00
129+04438,2020-06-16 09:40:00,50.71,94.90
129+04438,2020-06-16 09:50:00,51.59,100.00
129+04438,2020-06-16 10:00:00,51.37,100.00
129+04438,2020-06-16 10:10:00,49.98,100.00
129+04438,2020-06-16 10:20:00,51.47,100.00
129+04438,2020-06-16 10:30:00,54.33,100.00
129+04438,2020-06-16 10:40:00,54.92,95.20
129+04438,2020-06-16 10:50:00,54.75,100.00
129+04438,2020-06-16 11:00:00,52.00,100.00
129+04438,2020-06-16 11:10:00,50.79,100.00
129+04438,2020-06-16 11:20:00,50.00,100.00
129+04438,2020-06-16 11:30:00,50.79,100.00
129+04438,2020-06-16 11:40:00,52.09,100.00
129+04438,2020-06-16 11:50:00,52.98,100.00
129+04438,2020-06-16 12:00:00,52.10,100.00
129+04438,2020-06-16 12:10:00,52.70,100.00
129+04438,2020-06-16 12:20:00,54.56,100.00
129+04438,2020-06-16 12:30:00,56.58,92.10
129+04438,2020-06-16 12:40:00,50.86,100.00
129+04438,2020-06-16 12:50:00,51.28,100.00
129+04438,2020-06-16 13:00:00,50.98,100.00
129+04438,2020-06-16 13:10:00,51.34,100.00
129+04438,2020-06-16 13:20:00,53.17,100.00
129+04438,2020-06-16 13:30:00,52.00,100.00
129+04438,2020-06-16 13:40:00,51.35,100.00
129+04438,2020-06-16 13:50:00,51.19,100.00
129+04438,2020-06-16 14:00:00,51.50,100.00
129+04438,2020-06-16 14:10:00,50.54,100.00
129+04438,2020-06-16 14:20:00,52.69,100.00
129+04438,2020-06-16 14:30:00,52.56,100.00
129+04438,2020-06-16 14:40:00,52.09,100.00
129+04438,2020-06-16 14:50:00,52.80,100.00
129+04438,2020-06-16 15:00:00,52.59,100.00
129+04438,2020-06-16 15:10:00,49.18,100.00
129+04438,2020-06-16 15:20:00,55.34,100.00
129+04438,2020-06-16 15:30:00,51.38,100.00
129+04438,2020-06-16 15:40:00,52.30,100.00
129+04438,2020-06-16 15:50:00,52.79,100.00
129+04438,2020-06-16 16:00:00,52.07,100.00
129+04438,2020-06-16 16:10:00,52.70,100.00
129+04438,2020-06-16 16:20:00,50.75,100.00
129+04438,2020-06-16 16:30:00,51.47,100.00
129+04438,2020-06-16 16:40:00,53.58,100.00
129+04438,2020-06-16 16:50:00,52.49,100.00
129+04438,2020-06-16 17:00:00,50.89,100.00
129+04438,2020-06-16 17:10:00,51.17,100.00
129+04438,2020-06-16 17:20:00,53.03,100.00
129+04438,2020-06-16 17:30:00,54.55,100.00
129+04438,2020-06-16 17:40:00,53.49,100.00
129+04438,2020-06-16 17:50:00,54.07,100.00
129+04438,2020-06-16 18:00:00,54.44,100.00
129+04438,2020-06-16 18:10:00,53.38,100.00
129+04438,2020-06-16 18:20:00,51.69,100.00
129+04438,2020-06-16 18:30:00,53.11,100.00
129+04438,2020-06-16 18:40:00,55.65,90.60
129+04438,2020-06-16 18:50:00,54.39,100.00
129+04438,2020-06-16 19:00:00,53.40,100.00
129+04438,2020-06-16 19:10:00,54.09,100.00
129+04438,2020-06-16 19:20:00,57.49,63.30
129+04438,2020-06-16 19:30:00,54.14,96.20
129+04438,2020-06-16 19:40:00,55.72,90.40
129+04438,2020-06-16 19:50:00,60.59,52.90
129+04438,2020-06-16 20:00:00,53.49,100.00
129+04438,2020-06-16 20:10:00,57.64,100.00
129+04438,2020-06-16 20:20:00,57.29,100.00
129+04438,2020-06-16 20:30:00,54.44,100.00
129+04438,2020-06-16 20:40:00,55.00,100.00
129+04438,2020-06-16 20:50:00,54.06,100.00
129+04438,2020-06-16 21:00:00,50.68,100.00
129+04438,2020-06-16 21:10:00,51.67,100.00
129+04438,2020-06-16 21:20:00,49.37,100.00
129+04438,2020-06-16 21:30:00,50.02,100.00
129+04438,2020-06-16 21:40:00,52.50,100.00
129+04438,2020-06-16 21:50:00,50.93,87.30
129+04438,2020-06-16 22:00:00,54.54,69.00
129+04438,2020-06-16 22:10:00,53.14,93.10
129+04438,2020-06-16 22:20:00,57.02,95.44
129+04438,2020-06-16 22:30:00,60.98,75.40
129+04438,2020-06-16 22:40:00,46.49,51.86
129+04438,2020-06-16 22:50:00,52.05,100.00
129+04438,2020-06-16 23:00:00,52.30,97.40
129+04438,2020-06-16 23:10:00,55.41,81.00
129+04438,2020-06-16 23:20:00,58.48,62.90
129+04438,2020-06-16 23:30:00,66.61,27.90
129+04438,2020-06-16 23:40:00,49.78,41.90
129+04438,2020-06-16 23:50:00,48.00,40.25
129P13797,2020-06-16 00:00:00,51.03,81.40
129P13797,2020-06-16 00:10:00,43.08,97.50
129P13797,2020-06-16 00:20:00,44.33,98.67
129P13797,2020-06-16 00:30:00,,
129P13797,2020-06-16 00:40:00,50.00,45.63
129P13797,2020-06-16 00:50:00,49.31,67.40
129P13797,2020-06-16 01:00:00,45.00,84.00
129P13797,2020-06-16 01:10:00,,
129P13797,2020-06-16 01:20:00,43.00,
129P13797,2020-06-16 01:30:00,44.00,
129P13797,2020-06-16 01:40:00,45.45,
129P13797,2020-06-16 01:50:00,47.00,
129P13797,2020-06-16 02:00:00,51.00,
129P13797,2020-06-16 02:10:00,51.98,
129P13797,2020-06-16 02:20:00,50.33,77.75
129P13797,2020-06-16 02:30:00,49.59,99.50
129P13797,2020-06-16 02:40:00,51.00,96.00
129P13797,2020-06-16 02:50:00,52.00,90.00
129P13797,2020-06-16 03:00:00,53.00,87.70
129P13797,2020-06-16 03:10:00,,
129P13797,2020-06-16 03:20:00,,
129P13797,2020-06-16 03:30:00,51.00,96.20
129P13797,2020-06-16 03:40:00,51.71,97.57
129P13797,2020-06-16 03:50:00,,
129P13797,2020-06-16 04:00:00,53.00,95.50
129P13797,2020-06-16 04:10:00,55.25,78.30
129P13797,2020-06-16 04:20:00,54.41,90.10
129P13797,2020-06-16 04:30:00,53.00,97.00
129P13797,2020-06-16 04:40:00,55.56,91.38
129P13797,2020-06-16 04:50:00,54.08,86.10
129P13797,2020-06-16 05:00:00,50.57,77.63
129P13797,2020-06-16 05:10:00,48.70,71.90
129P13797,2020-06-16 05:20:00,55.87,84.80
129P13797,2020-06-16 05:30:00,57.89,70.40
129P13797,2020-06-16 05:40:00,61.10,47.80
129P13797,2020-06-16 05:50:00,54.22,93.56
129P13797,2020-06-16 06:00:00,55.28,99.40
129P13797,2020-06-16 06:10:00,56.78,100.00
129P13797,2020-06-16 06:20:00,53.10,100.00
129P13797,2020-06-16 06:30:00,54.59,100.00
129P13797,2020-06-16 06:40:00,54.95,100.00
129P13797,2020-06-16 06:50:00,55.57,100.00
129P13797,2020-06-16 07:00:00,52.49,96.20
129P13797,2020-06-16 07:10:00,52.49,100.00
129P13797,2020-06-16 07:20:00,55.97,100.00
129P13797,2020-06-16 07:30:00,54.78,100.00
129P13797,2020-06-16 07:40:00,55.10,100.00
129P13797,2020-06-16 07:50:00,55.47,100.00
129P13797,2020-06-16 08:00:00,54.49,100.00
129P13797,2020-06-16 08:10:00,54.69,100.00
129P13797,2020-06-16 08:20:00,51.95,88.60
129P13797,2020-06-16 08:30:00,52.70,100.00
129P13797,2020-06-16 08:40:00,56.82,100.00
129P13797,2020-06-16 08:50:00,54.61,98.10
129P13797,2020-06-16 09:00:00,53.27,99.10
129P13797,2020-06-16 09:10:00,54.08,100.00
129P13797,2020-06-16 09:20:00,52.29,93.40
129P13797,2020-06-16 09:30:00,51.37,95.70
129P13797,2020-06-16 09:40:00,53.40,100.00
129P13797,2020-06-16 09:50:00,55.77,100.00
129P13797,2020-06-16 10:00:00,53.77,100.00
129P13797,2020-06-16 10:10:00,51.76,100.00
129P13797,2020-06-16 10:20:00,51.68,100.00
129P13797,2020-06-16 10:30:00,52.85,100.00
129P13797,2020-06-16 10:40:00,53.70,100.00
129P13797,2020-06-16 10:50:00,52.68,100.00
129P13797,2020-06-16 11:00:00,53.38,100.00
129P13797,2020-06-16 11:10:00,51.34,100.00
129P13797,2020-06-16 11:20:00,50.94,100.00
129P13797,2020-06-16 11:30:00,54.76,100.00
129P13797,2020-06-16 11:40:00,53.67,100.00
129P13797,2020-06-16 11:50:00,54.28,100.00
129P13797,2020-06-16 12:00:00,56.23,85.40
129P13797,2020-06-16 12:10:00,56.46,87.20
129P13797,2020-06-16 12:20:00,54.28,87.40
129P13797,2020-06-16 12:30:00,51.33,92.50
129P13797,2020-06-16 12:40:00,53.38,100.00
129P13797,2020-06-16 12:50:00,55.84,91.70
129P13797,2020-06-16 13:00:00,52.30,100.00
129P13797,2020-06-16 13:10:00,51.60,100.00
129P13797,2020-06-16 13:20:00,54.24,100.00
129P13797,2020-06-16 13:30:00,52.89,100.00
129P13797,2020-06-16 13:40:00,52.90,100.00
129P13797,2020-06-16 13:50:00,54.89,100.00
129P13797,2020-06-16 14:00:00,54.99,100.00
129P13797,2020-06-16 14:10:00,55.05,100.00
129P13797,2020-06-16 14:20:00,58.85,62.10
129P13797,2020-06-16 14:30:00,55.89,91.50
129P13797,2020-06-16 14:40:00,57.60,93.50
129P13797,2020-06-16 14:50:00,55.50,100.00
129P13797,2020-06-16 15:00:00,51.58,58.57
129P13797,2020-06-16 15:10:00,51.28,75.70
129P13797,2020-06-16 15:20:00,55.41,90.30
129P13797,2020-06-16 15:30:00,56.29,100.00
129P13797,2020-06-16 15:40:00,59.28,71.30
129P13797,2020-06-16 15:50:00,60.53,69.80
129P13797,2020-06-16 16:00:00,56.37,100.00
129P13797,2020-06-16 16:10:00,55.06,100.00
129P13797,2020-06-16 16:20:00,51.20,61.00
129P13797,2020-06-16 16:30:00,52.43,91.60
129P13797,2020-06-16 16:40:00,57.50,100.00
129P13797,2020-06-16 16:50:00,54.76,99.10
129P13797,2020-06-16 17:00:00,52.39,94.70
129P13797,2020-06-16 17:10:00,55.99,95.50
129P13797,2020-06-16 17:20:00,53.87,92.50
129P13797,2020-06-16 17:30:00,53.05,92.90
129P13797,2020-06-16 17:40:00,54.28,100.00
129P13797,2020-06-16 17:50:00,54.47,100.00
129P13797,2020-06-16 18:00:00,54.39,100.00
129P13797,2020-06-16 18:10:00,53.21,93.60
129P13797,2020-06-16 18:20:00,52.66,100.00
129P13797,2020-06-16 18:30:00,53.77,100.00
129P13797,2020-06-16 18:40:00,54.37,100.00
129P13797,2020-06-16 18:50:00,59.72,46.30
129P13797,2020-06-16 19:00:00,48.03,32.33
129P13797,2020-06-16 19:10:00,51.08,81.80
129P13797,2020-06-16 19:20:00,52.10,100.00
129P13797,2020-06-16 19:30:00,52.57,100.00
129P13797,2020-06-16 19:40:00,57.69,100.00
129P13797,2020-06-16 19:50:00,55.07,100.00
129P13797,2020-06-16 20:00:00,54.79,100.00
129P13797,2020-06-16 20:10:00,54.62,100.00
129P13797,2020-06-16 20:20:00,52.79,100.00
129P13797,2020-06-16 20:30:00,51.50,100.00
129P13797,2020-06-16 20:40:00,50.00,100.00
129P13797,2020-06-16 20:50:00,51.54,100.00
129P13797,2020-06-16 21:00:00,52.50,100.00
129P13797,2020-06-16 21:10:00,51.13,90.43
129P13797,2020-06-16 21:20:00,50.08,90.90
129P13797,2020-06-16 21:30:00,51.58,100.00
129P13797,2020-06-16 21:40:00,52.10,100.00
129P13797,2020-06-16 21:50:00,53.00,100.00
129P13797,2020-06-16 22:00:00,53.00,100.00
129P13797,2020-06-16 22:10:00,,
129P13797,2020-06-16 22:20:00,48.00,100.00
129P13797,2020-06-16 22:30:00,48.00,100.00
129P13797,2020-06-16 22:40:00,,
129P13797,2020-06-16 22:50:00,58.00,44.00
129P13797,2020-06-16 23:00:00,58.00,39.20
129P13797,2020-06-16 23:10:00,54.47,93.75
129P13797,2020-06-16 23:20:00,54.16,95.50
129P13797,2020-06-16 23:30:00,56.00,100.00
129P13797,2020-06-16 23:40:00,56.00,100.00
129P13797,2020-06-16 23:50:00,,
